100
0 1999996771
1 1999996771
2 1999996771
3 1999996771
4 1999996771
5 1999996771
6 1999996771
7 1999996771
8 1999996771
9 1999996771
10 1999996771
11 1999996771
12 1999996771
13 1999996771
14 1999996771
15 1999996771
16 1999996771
17 1999996771
18 1999996771
19 1999996771
20 1999996771
21 1999996771
22 1999996771
23 1999996771
24 1999996771
25 1999996771
26 1999996771
27 1999996771
28 1999996771
29 1999996771
30 1999996771
31 1999996771
32 1999996771
33 1999996771
34 1999996771
35 1999996771
36 1999996771
37 1999996771
38 1999996771
39 1999996771
40 1999996771
41 1999996771
42 1999996771
43 1999996771
44 1999996771
45 1999996771
46 1999996771
47 1999996771
48 1999996771
49 1999996771
1999996770 1999996771
1999996769 1999996771
1999996768 1999996771
1999996767 1999996771
1999996766 1999996771
1999996765 1999996771
1999996764 1999996771
1999996763 1999996771
1999996762 1999996771
1999996761 1999996771
1999996760 1999996771
1999996759 1999996771
1999996758 1999996771
1999996757 1999996771
1999996756 1999996771
1999996755 1999996771
1999996754 1999996771
1999996753 1999996771
1999996752 1999996771
1999996751 1999996771
1999996750 1999996771
1999996749 1999996771
1999996748 1999996771
1999996747 1999996771
1999996746 1999996771
1999996745 1999996771
1999996744 1999996771
1999996743 1999996771
1999996742 1999996771
1999996741 1999996771
1999996740 1999996771
1999996739 1999996771
1999996738 1999996771
1999996737 1999996771
1999996736 1999996771
1999996735 1999996771
1999996734 1999996771
1999996733 1999996771
1999996732 1999996771
1999996731 1999996771
1999996730 1999996771
1999996729 1999996771
1999996728 1999996771
1999996727 1999996771
1999996726 1999996771
1999996725 1999996771
1999996724 1999996771
1999996723 1999996771
1999996722 1999996771
1999996721 1999996771
