100
0 1999999609
1 1999999609
2 1999999609
3 1999999609
4 1999999609
5 1999999609
6 1999999609
7 1999999609
8 1999999609
9 1999999609
10 1999999609
11 1999999609
12 1999999609
13 1999999609
14 1999999609
15 1999999609
16 1999999609
17 1999999609
18 1999999609
19 1999999609
20 1999999609
21 1999999609
22 1999999609
23 1999999609
24 1999999609
25 1999999609
26 1999999609
27 1999999609
28 1999999609
29 1999999609
30 1999999609
31 1999999609
32 1999999609
33 1999999609
34 1999999609
35 1999999609
36 1999999609
37 1999999609
38 1999999609
39 1999999609
40 1999999609
41 1999999609
42 1999999609
43 1999999609
44 1999999609
45 1999999609
46 1999999609
47 1999999609
48 1999999609
49 1999999609
1999999608 1999999609
1999999607 1999999609
1999999606 1999999609
1999999605 1999999609
1999999604 1999999609
1999999603 1999999609
1999999602 1999999609
1999999601 1999999609
1999999600 1999999609
1999999599 1999999609
1999999598 1999999609
1999999597 1999999609
1999999596 1999999609
1999999595 1999999609
1999999594 1999999609
1999999593 1999999609
1999999592 1999999609
1999999591 1999999609
1999999590 1999999609
1999999589 1999999609
1999999588 1999999609
1999999587 1999999609
1999999586 1999999609
1999999585 1999999609
1999999584 1999999609
1999999583 1999999609
1999999582 1999999609
1999999581 1999999609
1999999580 1999999609
1999999579 1999999609
1999999578 1999999609
1999999577 1999999609
1999999576 1999999609
1999999575 1999999609
1999999574 1999999609
1999999573 1999999609
1999999572 1999999609
1999999571 1999999609
1999999570 1999999609
1999999569 1999999609
1999999568 1999999609
1999999567 1999999609
1999999566 1999999609
1999999565 1999999609
1999999564 1999999609
1999999563 1999999609
1999999562 1999999609
1999999561 1999999609
1999999560 1999999609
1999999559 1999999609
