100
0 1289
1 1289
2 1289
3 1289
4 1289
5 1289
6 1289
7 1289
8 1289
9 1289
10 1289
11 1289
12 1289
13 1289
14 1289
15 1289
16 1289
17 1289
18 1289
19 1289
20 1289
21 1289
22 1289
23 1289
24 1289
25 1289
26 1289
27 1289
28 1289
29 1289
30 1289
31 1289
32 1289
33 1289
34 1289
35 1289
36 1289
37 1289
38 1289
39 1289
40 1289
41 1289
42 1289
43 1289
44 1289
45 1289
46 1289
47 1289
48 1289
49 1289
1288 1289
1287 1289
1286 1289
1285 1289
1284 1289
1283 1289
1282 1289
1281 1289
1280 1289
1279 1289
1278 1289
1277 1289
1276 1289
1275 1289
1274 1289
1273 1289
1272 1289
1271 1289
1270 1289
1269 1289
1268 1289
1267 1289
1266 1289
1265 1289
1264 1289
1263 1289
1262 1289
1261 1289
1260 1289
1259 1289
1258 1289
1257 1289
1256 1289
1255 1289
1254 1289
1253 1289
1252 1289
1251 1289
1250 1289
1249 1289
1248 1289
1247 1289
1246 1289
1245 1289
1244 1289
1243 1289
1242 1289
1241 1289
1240 1289
1239 1289
