100
0 1301
1 1301
2 1301
3 1301
4 1301
5 1301
6 1301
7 1301
8 1301
9 1301
10 1301
11 1301
12 1301
13 1301
14 1301
15 1301
16 1301
17 1301
18 1301
19 1301
20 1301
21 1301
22 1301
23 1301
24 1301
25 1301
26 1301
27 1301
28 1301
29 1301
30 1301
31 1301
32 1301
33 1301
34 1301
35 1301
36 1301
37 1301
38 1301
39 1301
40 1301
41 1301
42 1301
43 1301
44 1301
45 1301
46 1301
47 1301
48 1301
49 1301
1300 1301
1299 1301
1298 1301
1297 1301
1296 1301
1295 1301
1294 1301
1293 1301
1292 1301
1291 1301
1290 1301
1289 1301
1288 1301
1287 1301
1286 1301
1285 1301
1284 1301
1283 1301
1282 1301
1281 1301
1280 1301
1279 1301
1278 1301
1277 1301
1276 1301
1275 1301
1274 1301
1273 1301
1272 1301
1271 1301
1270 1301
1269 1301
1268 1301
1267 1301
1266 1301
1265 1301
1264 1301
1263 1301
1262 1301
1261 1301
1260 1301
1259 1301
1258 1301
1257 1301
1256 1301
1255 1301
1254 1301
1253 1301
1252 1301
1251 1301
