100
0 1249
1 1249
2 1249
3 1249
4 1249
5 1249
6 1249
7 1249
8 1249
9 1249
10 1249
11 1249
12 1249
13 1249
14 1249
15 1249
16 1249
17 1249
18 1249
19 1249
20 1249
21 1249
22 1249
23 1249
24 1249
25 1249
26 1249
27 1249
28 1249
29 1249
30 1249
31 1249
32 1249
33 1249
34 1249
35 1249
36 1249
37 1249
38 1249
39 1249
40 1249
41 1249
42 1249
43 1249
44 1249
45 1249
46 1249
47 1249
48 1249
49 1249
1248 1249
1247 1249
1246 1249
1245 1249
1244 1249
1243 1249
1242 1249
1241 1249
1240 1249
1239 1249
1238 1249
1237 1249
1236 1249
1235 1249
1234 1249
1233 1249
1232 1249
1231 1249
1230 1249
1229 1249
1228 1249
1227 1249
1226 1249
1225 1249
1224 1249
1223 1249
1222 1249
1221 1249
1220 1249
1219 1249
1218 1249
1217 1249
1216 1249
1215 1249
1214 1249
1213 1249
1212 1249
1211 1249
1210 1249
1209 1249
1208 1249
1207 1249
1206 1249
1205 1249
1204 1249
1203 1249
1202 1249
1201 1249
1200 1249
1199 1249
