100
0 1229
1 1229
2 1229
3 1229
4 1229
5 1229
6 1229
7 1229
8 1229
9 1229
10 1229
11 1229
12 1229
13 1229
14 1229
15 1229
16 1229
17 1229
18 1229
19 1229
20 1229
21 1229
22 1229
23 1229
24 1229
25 1229
26 1229
27 1229
28 1229
29 1229
30 1229
31 1229
32 1229
33 1229
34 1229
35 1229
36 1229
37 1229
38 1229
39 1229
40 1229
41 1229
42 1229
43 1229
44 1229
45 1229
46 1229
47 1229
48 1229
49 1229
1228 1229
1227 1229
1226 1229
1225 1229
1224 1229
1223 1229
1222 1229
1221 1229
1220 1229
1219 1229
1218 1229
1217 1229
1216 1229
1215 1229
1214 1229
1213 1229
1212 1229
1211 1229
1210 1229
1209 1229
1208 1229
1207 1229
1206 1229
1205 1229
1204 1229
1203 1229
1202 1229
1201 1229
1200 1229
1199 1229
1198 1229
1197 1229
1196 1229
1195 1229
1194 1229
1193 1229
1192 1229
1191 1229
1190 1229
1189 1229
1188 1229
1187 1229
1186 1229
1185 1229
1184 1229
1183 1229
1182 1229
1181 1229
1180 1229
1179 1229
