100
0 1291
1 1291
2 1291
3 1291
4 1291
5 1291
6 1291
7 1291
8 1291
9 1291
10 1291
11 1291
12 1291
13 1291
14 1291
15 1291
16 1291
17 1291
18 1291
19 1291
20 1291
21 1291
22 1291
23 1291
24 1291
25 1291
26 1291
27 1291
28 1291
29 1291
30 1291
31 1291
32 1291
33 1291
34 1291
35 1291
36 1291
37 1291
38 1291
39 1291
40 1291
41 1291
42 1291
43 1291
44 1291
45 1291
46 1291
47 1291
48 1291
49 1291
1290 1291
1289 1291
1288 1291
1287 1291
1286 1291
1285 1291
1284 1291
1283 1291
1282 1291
1281 1291
1280 1291
1279 1291
1278 1291
1277 1291
1276 1291
1275 1291
1274 1291
1273 1291
1272 1291
1271 1291
1270 1291
1269 1291
1268 1291
1267 1291
1266 1291
1265 1291
1264 1291
1263 1291
1262 1291
1261 1291
1260 1291
1259 1291
1258 1291
1257 1291
1256 1291
1255 1291
1254 1291
1253 1291
1252 1291
1251 1291
1250 1291
1249 1291
1248 1291
1247 1291
1246 1291
1245 1291
1244 1291
1243 1291
1242 1291
1241 1291
