100
0 1319
1 1319
2 1319
3 1319
4 1319
5 1319
6 1319
7 1319
8 1319
9 1319
10 1319
11 1319
12 1319
13 1319
14 1319
15 1319
16 1319
17 1319
18 1319
19 1319
20 1319
21 1319
22 1319
23 1319
24 1319
25 1319
26 1319
27 1319
28 1319
29 1319
30 1319
31 1319
32 1319
33 1319
34 1319
35 1319
36 1319
37 1319
38 1319
39 1319
40 1319
41 1319
42 1319
43 1319
44 1319
45 1319
46 1319
47 1319
48 1319
49 1319
1318 1319
1317 1319
1316 1319
1315 1319
1314 1319
1313 1319
1312 1319
1311 1319
1310 1319
1309 1319
1308 1319
1307 1319
1306 1319
1305 1319
1304 1319
1303 1319
1302 1319
1301 1319
1300 1319
1299 1319
1298 1319
1297 1319
1296 1319
1295 1319
1294 1319
1293 1319
1292 1319
1291 1319
1290 1319
1289 1319
1288 1319
1287 1319
1286 1319
1285 1319
1284 1319
1283 1319
1282 1319
1281 1319
1280 1319
1279 1319
1278 1319
1277 1319
1276 1319
1275 1319
1274 1319
1273 1319
1272 1319
1271 1319
1270 1319
1269 1319
