100
0 1321
1 1321
2 1321
3 1321
4 1321
5 1321
6 1321
7 1321
8 1321
9 1321
10 1321
11 1321
12 1321
13 1321
14 1321
15 1321
16 1321
17 1321
18 1321
19 1321
20 1321
21 1321
22 1321
23 1321
24 1321
25 1321
26 1321
27 1321
28 1321
29 1321
30 1321
31 1321
32 1321
33 1321
34 1321
35 1321
36 1321
37 1321
38 1321
39 1321
40 1321
41 1321
42 1321
43 1321
44 1321
45 1321
46 1321
47 1321
48 1321
49 1321
1320 1321
1319 1321
1318 1321
1317 1321
1316 1321
1315 1321
1314 1321
1313 1321
1312 1321
1311 1321
1310 1321
1309 1321
1308 1321
1307 1321
1306 1321
1305 1321
1304 1321
1303 1321
1302 1321
1301 1321
1300 1321
1299 1321
1298 1321
1297 1321
1296 1321
1295 1321
1294 1321
1293 1321
1292 1321
1291 1321
1290 1321
1289 1321
1288 1321
1287 1321
1286 1321
1285 1321
1284 1321
1283 1321
1282 1321
1281 1321
1280 1321
1279 1321
1278 1321
1277 1321
1276 1321
1275 1321
1274 1321
1273 1321
1272 1321
1271 1321
