100
0 1231
1 1231
2 1231
3 1231
4 1231
5 1231
6 1231
7 1231
8 1231
9 1231
10 1231
11 1231
12 1231
13 1231
14 1231
15 1231
16 1231
17 1231
18 1231
19 1231
20 1231
21 1231
22 1231
23 1231
24 1231
25 1231
26 1231
27 1231
28 1231
29 1231
30 1231
31 1231
32 1231
33 1231
34 1231
35 1231
36 1231
37 1231
38 1231
39 1231
40 1231
41 1231
42 1231
43 1231
44 1231
45 1231
46 1231
47 1231
48 1231
49 1231
1230 1231
1229 1231
1228 1231
1227 1231
1226 1231
1225 1231
1224 1231
1223 1231
1222 1231
1221 1231
1220 1231
1219 1231
1218 1231
1217 1231
1216 1231
1215 1231
1214 1231
1213 1231
1212 1231
1211 1231
1210 1231
1209 1231
1208 1231
1207 1231
1206 1231
1205 1231
1204 1231
1203 1231
1202 1231
1201 1231
1200 1231
1199 1231
1198 1231
1197 1231
1196 1231
1195 1231
1194 1231
1193 1231
1192 1231
1191 1231
1190 1231
1189 1231
1188 1231
1187 1231
1186 1231
1185 1231
1184 1231
1183 1231
1182 1231
1181 1231
