100
0 1279
1 1279
2 1279
3 1279
4 1279
5 1279
6 1279
7 1279
8 1279
9 1279
10 1279
11 1279
12 1279
13 1279
14 1279
15 1279
16 1279
17 1279
18 1279
19 1279
20 1279
21 1279
22 1279
23 1279
24 1279
25 1279
26 1279
27 1279
28 1279
29 1279
30 1279
31 1279
32 1279
33 1279
34 1279
35 1279
36 1279
37 1279
38 1279
39 1279
40 1279
41 1279
42 1279
43 1279
44 1279
45 1279
46 1279
47 1279
48 1279
49 1279
1278 1279
1277 1279
1276 1279
1275 1279
1274 1279
1273 1279
1272 1279
1271 1279
1270 1279
1269 1279
1268 1279
1267 1279
1266 1279
1265 1279
1264 1279
1263 1279
1262 1279
1261 1279
1260 1279
1259 1279
1258 1279
1257 1279
1256 1279
1255 1279
1254 1279
1253 1279
1252 1279
1251 1279
1250 1279
1249 1279
1248 1279
1247 1279
1246 1279
1245 1279
1244 1279
1243 1279
1242 1279
1241 1279
1240 1279
1239 1279
1238 1279
1237 1279
1236 1279
1235 1279
1234 1279
1233 1279
1232 1279
1231 1279
1230 1279
1229 1279
