100
0 1259
1 1259
2 1259
3 1259
4 1259
5 1259
6 1259
7 1259
8 1259
9 1259
10 1259
11 1259
12 1259
13 1259
14 1259
15 1259
16 1259
17 1259
18 1259
19 1259
20 1259
21 1259
22 1259
23 1259
24 1259
25 1259
26 1259
27 1259
28 1259
29 1259
30 1259
31 1259
32 1259
33 1259
34 1259
35 1259
36 1259
37 1259
38 1259
39 1259
40 1259
41 1259
42 1259
43 1259
44 1259
45 1259
46 1259
47 1259
48 1259
49 1259
1258 1259
1257 1259
1256 1259
1255 1259
1254 1259
1253 1259
1252 1259
1251 1259
1250 1259
1249 1259
1248 1259
1247 1259
1246 1259
1245 1259
1244 1259
1243 1259
1242 1259
1241 1259
1240 1259
1239 1259
1238 1259
1237 1259
1236 1259
1235 1259
1234 1259
1233 1259
1232 1259
1231 1259
1230 1259
1229 1259
1228 1259
1227 1259
1226 1259
1225 1259
1224 1259
1223 1259
1222 1259
1221 1259
1220 1259
1219 1259
1218 1259
1217 1259
1216 1259
1215 1259
1214 1259
1213 1259
1212 1259
1211 1259
1210 1259
1209 1259
