100
0 1399
1 1399
2 1399
3 1399
4 1399
5 1399
6 1399
7 1399
8 1399
9 1399
10 1399
11 1399
12 1399
13 1399
14 1399
15 1399
16 1399
17 1399
18 1399
19 1399
20 1399
21 1399
22 1399
23 1399
24 1399
25 1399
26 1399
27 1399
28 1399
29 1399
30 1399
31 1399
32 1399
33 1399
34 1399
35 1399
36 1399
37 1399
38 1399
39 1399
40 1399
41 1399
42 1399
43 1399
44 1399
45 1399
46 1399
47 1399
48 1399
49 1399
1398 1399
1397 1399
1396 1399
1395 1399
1394 1399
1393 1399
1392 1399
1391 1399
1390 1399
1389 1399
1388 1399
1387 1399
1386 1399
1385 1399
1384 1399
1383 1399
1382 1399
1381 1399
1380 1399
1379 1399
1378 1399
1377 1399
1376 1399
1375 1399
1374 1399
1373 1399
1372 1399
1371 1399
1370 1399
1369 1399
1368 1399
1367 1399
1366 1399
1365 1399
1364 1399
1363 1399
1362 1399
1361 1399
1360 1399
1359 1399
1358 1399
1357 1399
1356 1399
1355 1399
1354 1399
1353 1399
1352 1399
1351 1399
1350 1399
1349 1399
