100
0 1459
1 1459
2 1459
3 1459
4 1459
5 1459
6 1459
7 1459
8 1459
9 1459
10 1459
11 1459
12 1459
13 1459
14 1459
15 1459
16 1459
17 1459
18 1459
19 1459
20 1459
21 1459
22 1459
23 1459
24 1459
25 1459
26 1459
27 1459
28 1459
29 1459
30 1459
31 1459
32 1459
33 1459
34 1459
35 1459
36 1459
37 1459
38 1459
39 1459
40 1459
41 1459
42 1459
43 1459
44 1459
45 1459
46 1459
47 1459
48 1459
49 1459
1458 1459
1457 1459
1456 1459
1455 1459
1454 1459
1453 1459
1452 1459
1451 1459
1450 1459
1449 1459
1448 1459
1447 1459
1446 1459
1445 1459
1444 1459
1443 1459
1442 1459
1441 1459
1440 1459
1439 1459
1438 1459
1437 1459
1436 1459
1435 1459
1434 1459
1433 1459
1432 1459
1431 1459
1430 1459
1429 1459
1428 1459
1427 1459
1426 1459
1425 1459
1424 1459
1423 1459
1422 1459
1421 1459
1420 1459
1419 1459
1418 1459
1417 1459
1416 1459
1415 1459
1414 1459
1413 1459
1412 1459
1411 1459
1410 1459
1409 1459
