100
0 1471
1 1471
2 1471
3 1471
4 1471
5 1471
6 1471
7 1471
8 1471
9 1471
10 1471
11 1471
12 1471
13 1471
14 1471
15 1471
16 1471
17 1471
18 1471
19 1471
20 1471
21 1471
22 1471
23 1471
24 1471
25 1471
26 1471
27 1471
28 1471
29 1471
30 1471
31 1471
32 1471
33 1471
34 1471
35 1471
36 1471
37 1471
38 1471
39 1471
40 1471
41 1471
42 1471
43 1471
44 1471
45 1471
46 1471
47 1471
48 1471
49 1471
1470 1471
1469 1471
1468 1471
1467 1471
1466 1471
1465 1471
1464 1471
1463 1471
1462 1471
1461 1471
1460 1471
1459 1471
1458 1471
1457 1471
1456 1471
1455 1471
1454 1471
1453 1471
1452 1471
1451 1471
1450 1471
1449 1471
1448 1471
1447 1471
1446 1471
1445 1471
1444 1471
1443 1471
1442 1471
1441 1471
1440 1471
1439 1471
1438 1471
1437 1471
1436 1471
1435 1471
1434 1471
1433 1471
1432 1471
1431 1471
1430 1471
1429 1471
1428 1471
1427 1471
1426 1471
1425 1471
1424 1471
1423 1471
1422 1471
1421 1471
