100
0 1381
1 1381
2 1381
3 1381
4 1381
5 1381
6 1381
7 1381
8 1381
9 1381
10 1381
11 1381
12 1381
13 1381
14 1381
15 1381
16 1381
17 1381
18 1381
19 1381
20 1381
21 1381
22 1381
23 1381
24 1381
25 1381
26 1381
27 1381
28 1381
29 1381
30 1381
31 1381
32 1381
33 1381
34 1381
35 1381
36 1381
37 1381
38 1381
39 1381
40 1381
41 1381
42 1381
43 1381
44 1381
45 1381
46 1381
47 1381
48 1381
49 1381
1380 1381
1379 1381
1378 1381
1377 1381
1376 1381
1375 1381
1374 1381
1373 1381
1372 1381
1371 1381
1370 1381
1369 1381
1368 1381
1367 1381
1366 1381
1365 1381
1364 1381
1363 1381
1362 1381
1361 1381
1360 1381
1359 1381
1358 1381
1357 1381
1356 1381
1355 1381
1354 1381
1353 1381
1352 1381
1351 1381
1350 1381
1349 1381
1348 1381
1347 1381
1346 1381
1345 1381
1344 1381
1343 1381
1342 1381
1341 1381
1340 1381
1339 1381
1338 1381
1337 1381
1336 1381
1335 1381
1334 1381
1333 1381
1332 1381
1331 1381
