100
0 1481
1 1481
2 1481
3 1481
4 1481
5 1481
6 1481
7 1481
8 1481
9 1481
10 1481
11 1481
12 1481
13 1481
14 1481
15 1481
16 1481
17 1481
18 1481
19 1481
20 1481
21 1481
22 1481
23 1481
24 1481
25 1481
26 1481
27 1481
28 1481
29 1481
30 1481
31 1481
32 1481
33 1481
34 1481
35 1481
36 1481
37 1481
38 1481
39 1481
40 1481
41 1481
42 1481
43 1481
44 1481
45 1481
46 1481
47 1481
48 1481
49 1481
1480 1481
1479 1481
1478 1481
1477 1481
1476 1481
1475 1481
1474 1481
1473 1481
1472 1481
1471 1481
1470 1481
1469 1481
1468 1481
1467 1481
1466 1481
1465 1481
1464 1481
1463 1481
1462 1481
1461 1481
1460 1481
1459 1481
1458 1481
1457 1481
1456 1481
1455 1481
1454 1481
1453 1481
1452 1481
1451 1481
1450 1481
1449 1481
1448 1481
1447 1481
1446 1481
1445 1481
1444 1481
1443 1481
1442 1481
1441 1481
1440 1481
1439 1481
1438 1481
1437 1481
1436 1481
1435 1481
1434 1481
1433 1481
1432 1481
1431 1481
