100
0 1409
1 1409
2 1409
3 1409
4 1409
5 1409
6 1409
7 1409
8 1409
9 1409
10 1409
11 1409
12 1409
13 1409
14 1409
15 1409
16 1409
17 1409
18 1409
19 1409
20 1409
21 1409
22 1409
23 1409
24 1409
25 1409
26 1409
27 1409
28 1409
29 1409
30 1409
31 1409
32 1409
33 1409
34 1409
35 1409
36 1409
37 1409
38 1409
39 1409
40 1409
41 1409
42 1409
43 1409
44 1409
45 1409
46 1409
47 1409
48 1409
49 1409
1408 1409
1407 1409
1406 1409
1405 1409
1404 1409
1403 1409
1402 1409
1401 1409
1400 1409
1399 1409
1398 1409
1397 1409
1396 1409
1395 1409
1394 1409
1393 1409
1392 1409
1391 1409
1390 1409
1389 1409
1388 1409
1387 1409
1386 1409
1385 1409
1384 1409
1383 1409
1382 1409
1381 1409
1380 1409
1379 1409
1378 1409
1377 1409
1376 1409
1375 1409
1374 1409
1373 1409
1372 1409
1371 1409
1370 1409
1369 1409
1368 1409
1367 1409
1366 1409
1365 1409
1364 1409
1363 1409
1362 1409
1361 1409
1360 1409
1359 1409
