100
0 1361
1 1361
2 1361
3 1361
4 1361
5 1361
6 1361
7 1361
8 1361
9 1361
10 1361
11 1361
12 1361
13 1361
14 1361
15 1361
16 1361
17 1361
18 1361
19 1361
20 1361
21 1361
22 1361
23 1361
24 1361
25 1361
26 1361
27 1361
28 1361
29 1361
30 1361
31 1361
32 1361
33 1361
34 1361
35 1361
36 1361
37 1361
38 1361
39 1361
40 1361
41 1361
42 1361
43 1361
44 1361
45 1361
46 1361
47 1361
48 1361
49 1361
1360 1361
1359 1361
1358 1361
1357 1361
1356 1361
1355 1361
1354 1361
1353 1361
1352 1361
1351 1361
1350 1361
1349 1361
1348 1361
1347 1361
1346 1361
1345 1361
1344 1361
1343 1361
1342 1361
1341 1361
1340 1361
1339 1361
1338 1361
1337 1361
1336 1361
1335 1361
1334 1361
1333 1361
1332 1361
1331 1361
1330 1361
1329 1361
1328 1361
1327 1361
1326 1361
1325 1361
1324 1361
1323 1361
1322 1361
1321 1361
1320 1361
1319 1361
1318 1361
1317 1361
1316 1361
1315 1361
1314 1361
1313 1361
1312 1361
1311 1361
