100
0 1439
1 1439
2 1439
3 1439
4 1439
5 1439
6 1439
7 1439
8 1439
9 1439
10 1439
11 1439
12 1439
13 1439
14 1439
15 1439
16 1439
17 1439
18 1439
19 1439
20 1439
21 1439
22 1439
23 1439
24 1439
25 1439
26 1439
27 1439
28 1439
29 1439
30 1439
31 1439
32 1439
33 1439
34 1439
35 1439
36 1439
37 1439
38 1439
39 1439
40 1439
41 1439
42 1439
43 1439
44 1439
45 1439
46 1439
47 1439
48 1439
49 1439
1438 1439
1437 1439
1436 1439
1435 1439
1434 1439
1433 1439
1432 1439
1431 1439
1430 1439
1429 1439
1428 1439
1427 1439
1426 1439
1425 1439
1424 1439
1423 1439
1422 1439
1421 1439
1420 1439
1419 1439
1418 1439
1417 1439
1416 1439
1415 1439
1414 1439
1413 1439
1412 1439
1411 1439
1410 1439
1409 1439
1408 1439
1407 1439
1406 1439
1405 1439
1404 1439
1403 1439
1402 1439
1401 1439
1400 1439
1399 1439
1398 1439
1397 1439
1396 1439
1395 1439
1394 1439
1393 1439
1392 1439
1391 1439
1390 1439
1389 1439
