100
0 1429
1 1429
2 1429
3 1429
4 1429
5 1429
6 1429
7 1429
8 1429
9 1429
10 1429
11 1429
12 1429
13 1429
14 1429
15 1429
16 1429
17 1429
18 1429
19 1429
20 1429
21 1429
22 1429
23 1429
24 1429
25 1429
26 1429
27 1429
28 1429
29 1429
30 1429
31 1429
32 1429
33 1429
34 1429
35 1429
36 1429
37 1429
38 1429
39 1429
40 1429
41 1429
42 1429
43 1429
44 1429
45 1429
46 1429
47 1429
48 1429
49 1429
1428 1429
1427 1429
1426 1429
1425 1429
1424 1429
1423 1429
1422 1429
1421 1429
1420 1429
1419 1429
1418 1429
1417 1429
1416 1429
1415 1429
1414 1429
1413 1429
1412 1429
1411 1429
1410 1429
1409 1429
1408 1429
1407 1429
1406 1429
1405 1429
1404 1429
1403 1429
1402 1429
1401 1429
1400 1429
1399 1429
1398 1429
1397 1429
1396 1429
1395 1429
1394 1429
1393 1429
1392 1429
1391 1429
1390 1429
1389 1429
1388 1429
1387 1429
1386 1429
1385 1429
1384 1429
1383 1429
1382 1429
1381 1429
1380 1429
1379 1429
