100
0 1451
1 1451
2 1451
3 1451
4 1451
5 1451
6 1451
7 1451
8 1451
9 1451
10 1451
11 1451
12 1451
13 1451
14 1451
15 1451
16 1451
17 1451
18 1451
19 1451
20 1451
21 1451
22 1451
23 1451
24 1451
25 1451
26 1451
27 1451
28 1451
29 1451
30 1451
31 1451
32 1451
33 1451
34 1451
35 1451
36 1451
37 1451
38 1451
39 1451
40 1451
41 1451
42 1451
43 1451
44 1451
45 1451
46 1451
47 1451
48 1451
49 1451
1450 1451
1449 1451
1448 1451
1447 1451
1446 1451
1445 1451
1444 1451
1443 1451
1442 1451
1441 1451
1440 1451
1439 1451
1438 1451
1437 1451
1436 1451
1435 1451
1434 1451
1433 1451
1432 1451
1431 1451
1430 1451
1429 1451
1428 1451
1427 1451
1426 1451
1425 1451
1424 1451
1423 1451
1422 1451
1421 1451
1420 1451
1419 1451
1418 1451
1417 1451
1416 1451
1415 1451
1414 1451
1413 1451
1412 1451
1411 1451
1410 1451
1409 1451
1408 1451
1407 1451
1406 1451
1405 1451
1404 1451
1403 1451
1402 1451
1401 1451
