100
0 1601
1 1601
2 1601
3 1601
4 1601
5 1601
6 1601
7 1601
8 1601
9 1601
10 1601
11 1601
12 1601
13 1601
14 1601
15 1601
16 1601
17 1601
18 1601
19 1601
20 1601
21 1601
22 1601
23 1601
24 1601
25 1601
26 1601
27 1601
28 1601
29 1601
30 1601
31 1601
32 1601
33 1601
34 1601
35 1601
36 1601
37 1601
38 1601
39 1601
40 1601
41 1601
42 1601
43 1601
44 1601
45 1601
46 1601
47 1601
48 1601
49 1601
1600 1601
1599 1601
1598 1601
1597 1601
1596 1601
1595 1601
1594 1601
1593 1601
1592 1601
1591 1601
1590 1601
1589 1601
1588 1601
1587 1601
1586 1601
1585 1601
1584 1601
1583 1601
1582 1601
1581 1601
1580 1601
1579 1601
1578 1601
1577 1601
1576 1601
1575 1601
1574 1601
1573 1601
1572 1601
1571 1601
1570 1601
1569 1601
1568 1601
1567 1601
1566 1601
1565 1601
1564 1601
1563 1601
1562 1601
1561 1601
1560 1601
1559 1601
1558 1601
1557 1601
1556 1601
1555 1601
1554 1601
1553 1601
1552 1601
1551 1601
