100
0 1571
1 1571
2 1571
3 1571
4 1571
5 1571
6 1571
7 1571
8 1571
9 1571
10 1571
11 1571
12 1571
13 1571
14 1571
15 1571
16 1571
17 1571
18 1571
19 1571
20 1571
21 1571
22 1571
23 1571
24 1571
25 1571
26 1571
27 1571
28 1571
29 1571
30 1571
31 1571
32 1571
33 1571
34 1571
35 1571
36 1571
37 1571
38 1571
39 1571
40 1571
41 1571
42 1571
43 1571
44 1571
45 1571
46 1571
47 1571
48 1571
49 1571
1570 1571
1569 1571
1568 1571
1567 1571
1566 1571
1565 1571
1564 1571
1563 1571
1562 1571
1561 1571
1560 1571
1559 1571
1558 1571
1557 1571
1556 1571
1555 1571
1554 1571
1553 1571
1552 1571
1551 1571
1550 1571
1549 1571
1548 1571
1547 1571
1546 1571
1545 1571
1544 1571
1543 1571
1542 1571
1541 1571
1540 1571
1539 1571
1538 1571
1537 1571
1536 1571
1535 1571
1534 1571
1533 1571
1532 1571
1531 1571
1530 1571
1529 1571
1528 1571
1527 1571
1526 1571
1525 1571
1524 1571
1523 1571
1522 1571
1521 1571
