100
0 1559
1 1559
2 1559
3 1559
4 1559
5 1559
6 1559
7 1559
8 1559
9 1559
10 1559
11 1559
12 1559
13 1559
14 1559
15 1559
16 1559
17 1559
18 1559
19 1559
20 1559
21 1559
22 1559
23 1559
24 1559
25 1559
26 1559
27 1559
28 1559
29 1559
30 1559
31 1559
32 1559
33 1559
34 1559
35 1559
36 1559
37 1559
38 1559
39 1559
40 1559
41 1559
42 1559
43 1559
44 1559
45 1559
46 1559
47 1559
48 1559
49 1559
1558 1559
1557 1559
1556 1559
1555 1559
1554 1559
1553 1559
1552 1559
1551 1559
1550 1559
1549 1559
1548 1559
1547 1559
1546 1559
1545 1559
1544 1559
1543 1559
1542 1559
1541 1559
1540 1559
1539 1559
1538 1559
1537 1559
1536 1559
1535 1559
1534 1559
1533 1559
1532 1559
1531 1559
1530 1559
1529 1559
1528 1559
1527 1559
1526 1559
1525 1559
1524 1559
1523 1559
1522 1559
1521 1559
1520 1559
1519 1559
1518 1559
1517 1559
1516 1559
1515 1559
1514 1559
1513 1559
1512 1559
1511 1559
1510 1559
1509 1559
