100
0 1579
1 1579
2 1579
3 1579
4 1579
5 1579
6 1579
7 1579
8 1579
9 1579
10 1579
11 1579
12 1579
13 1579
14 1579
15 1579
16 1579
17 1579
18 1579
19 1579
20 1579
21 1579
22 1579
23 1579
24 1579
25 1579
26 1579
27 1579
28 1579
29 1579
30 1579
31 1579
32 1579
33 1579
34 1579
35 1579
36 1579
37 1579
38 1579
39 1579
40 1579
41 1579
42 1579
43 1579
44 1579
45 1579
46 1579
47 1579
48 1579
49 1579
1578 1579
1577 1579
1576 1579
1575 1579
1574 1579
1573 1579
1572 1579
1571 1579
1570 1579
1569 1579
1568 1579
1567 1579
1566 1579
1565 1579
1564 1579
1563 1579
1562 1579
1561 1579
1560 1579
1559 1579
1558 1579
1557 1579
1556 1579
1555 1579
1554 1579
1553 1579
1552 1579
1551 1579
1550 1579
1549 1579
1548 1579
1547 1579
1546 1579
1545 1579
1544 1579
1543 1579
1542 1579
1541 1579
1540 1579
1539 1579
1538 1579
1537 1579
1536 1579
1535 1579
1534 1579
1533 1579
1532 1579
1531 1579
1530 1579
1529 1579
