100
0 1549
1 1549
2 1549
3 1549
4 1549
5 1549
6 1549
7 1549
8 1549
9 1549
10 1549
11 1549
12 1549
13 1549
14 1549
15 1549
16 1549
17 1549
18 1549
19 1549
20 1549
21 1549
22 1549
23 1549
24 1549
25 1549
26 1549
27 1549
28 1549
29 1549
30 1549
31 1549
32 1549
33 1549
34 1549
35 1549
36 1549
37 1549
38 1549
39 1549
40 1549
41 1549
42 1549
43 1549
44 1549
45 1549
46 1549
47 1549
48 1549
49 1549
1548 1549
1547 1549
1546 1549
1545 1549
1544 1549
1543 1549
1542 1549
1541 1549
1540 1549
1539 1549
1538 1549
1537 1549
1536 1549
1535 1549
1534 1549
1533 1549
1532 1549
1531 1549
1530 1549
1529 1549
1528 1549
1527 1549
1526 1549
1525 1549
1524 1549
1523 1549
1522 1549
1521 1549
1520 1549
1519 1549
1518 1549
1517 1549
1516 1549
1515 1549
1514 1549
1513 1549
1512 1549
1511 1549
1510 1549
1509 1549
1508 1549
1507 1549
1506 1549
1505 1549
1504 1549
1503 1549
1502 1549
1501 1549
1500 1549
1499 1549
