100
0 1531
1 1531
2 1531
3 1531
4 1531
5 1531
6 1531
7 1531
8 1531
9 1531
10 1531
11 1531
12 1531
13 1531
14 1531
15 1531
16 1531
17 1531
18 1531
19 1531
20 1531
21 1531
22 1531
23 1531
24 1531
25 1531
26 1531
27 1531
28 1531
29 1531
30 1531
31 1531
32 1531
33 1531
34 1531
35 1531
36 1531
37 1531
38 1531
39 1531
40 1531
41 1531
42 1531
43 1531
44 1531
45 1531
46 1531
47 1531
48 1531
49 1531
1530 1531
1529 1531
1528 1531
1527 1531
1526 1531
1525 1531
1524 1531
1523 1531
1522 1531
1521 1531
1520 1531
1519 1531
1518 1531
1517 1531
1516 1531
1515 1531
1514 1531
1513 1531
1512 1531
1511 1531
1510 1531
1509 1531
1508 1531
1507 1531
1506 1531
1505 1531
1504 1531
1503 1531
1502 1531
1501 1531
1500 1531
1499 1531
1498 1531
1497 1531
1496 1531
1495 1531
1494 1531
1493 1531
1492 1531
1491 1531
1490 1531
1489 1531
1488 1531
1487 1531
1486 1531
1485 1531
1484 1531
1483 1531
1482 1531
1481 1531
