100
0 1499
1 1499
2 1499
3 1499
4 1499
5 1499
6 1499
7 1499
8 1499
9 1499
10 1499
11 1499
12 1499
13 1499
14 1499
15 1499
16 1499
17 1499
18 1499
19 1499
20 1499
21 1499
22 1499
23 1499
24 1499
25 1499
26 1499
27 1499
28 1499
29 1499
30 1499
31 1499
32 1499
33 1499
34 1499
35 1499
36 1499
37 1499
38 1499
39 1499
40 1499
41 1499
42 1499
43 1499
44 1499
45 1499
46 1499
47 1499
48 1499
49 1499
1498 1499
1497 1499
1496 1499
1495 1499
1494 1499
1493 1499
1492 1499
1491 1499
1490 1499
1489 1499
1488 1499
1487 1499
1486 1499
1485 1499
1484 1499
1483 1499
1482 1499
1481 1499
1480 1499
1479 1499
1478 1499
1477 1499
1476 1499
1475 1499
1474 1499
1473 1499
1472 1499
1471 1499
1470 1499
1469 1499
1468 1499
1467 1499
1466 1499
1465 1499
1464 1499
1463 1499
1462 1499
1461 1499
1460 1499
1459 1499
1458 1499
1457 1499
1456 1499
1455 1499
1454 1499
1453 1499
1452 1499
1451 1499
1450 1499
1449 1499
