100
0 1609
1 1609
2 1609
3 1609
4 1609
5 1609
6 1609
7 1609
8 1609
9 1609
10 1609
11 1609
12 1609
13 1609
14 1609
15 1609
16 1609
17 1609
18 1609
19 1609
20 1609
21 1609
22 1609
23 1609
24 1609
25 1609
26 1609
27 1609
28 1609
29 1609
30 1609
31 1609
32 1609
33 1609
34 1609
35 1609
36 1609
37 1609
38 1609
39 1609
40 1609
41 1609
42 1609
43 1609
44 1609
45 1609
46 1609
47 1609
48 1609
49 1609
1608 1609
1607 1609
1606 1609
1605 1609
1604 1609
1603 1609
1602 1609
1601 1609
1600 1609
1599 1609
1598 1609
1597 1609
1596 1609
1595 1609
1594 1609
1593 1609
1592 1609
1591 1609
1590 1609
1589 1609
1588 1609
1587 1609
1586 1609
1585 1609
1584 1609
1583 1609
1582 1609
1581 1609
1580 1609
1579 1609
1578 1609
1577 1609
1576 1609
1575 1609
1574 1609
1573 1609
1572 1609
1571 1609
1570 1609
1569 1609
1568 1609
1567 1609
1566 1609
1565 1609
1564 1609
1563 1609
1562 1609
1561 1609
1560 1609
1559 1609
