100
0 1511
1 1511
2 1511
3 1511
4 1511
5 1511
6 1511
7 1511
8 1511
9 1511
10 1511
11 1511
12 1511
13 1511
14 1511
15 1511
16 1511
17 1511
18 1511
19 1511
20 1511
21 1511
22 1511
23 1511
24 1511
25 1511
26 1511
27 1511
28 1511
29 1511
30 1511
31 1511
32 1511
33 1511
34 1511
35 1511
36 1511
37 1511
38 1511
39 1511
40 1511
41 1511
42 1511
43 1511
44 1511
45 1511
46 1511
47 1511
48 1511
49 1511
1510 1511
1509 1511
1508 1511
1507 1511
1506 1511
1505 1511
1504 1511
1503 1511
1502 1511
1501 1511
1500 1511
1499 1511
1498 1511
1497 1511
1496 1511
1495 1511
1494 1511
1493 1511
1492 1511
1491 1511
1490 1511
1489 1511
1488 1511
1487 1511
1486 1511
1485 1511
1484 1511
1483 1511
1482 1511
1481 1511
1480 1511
1479 1511
1478 1511
1477 1511
1476 1511
1475 1511
1474 1511
1473 1511
1472 1511
1471 1511
1470 1511
1469 1511
1468 1511
1467 1511
1466 1511
1465 1511
1464 1511
1463 1511
1462 1511
1461 1511
