100
0 1489
1 1489
2 1489
3 1489
4 1489
5 1489
6 1489
7 1489
8 1489
9 1489
10 1489
11 1489
12 1489
13 1489
14 1489
15 1489
16 1489
17 1489
18 1489
19 1489
20 1489
21 1489
22 1489
23 1489
24 1489
25 1489
26 1489
27 1489
28 1489
29 1489
30 1489
31 1489
32 1489
33 1489
34 1489
35 1489
36 1489
37 1489
38 1489
39 1489
40 1489
41 1489
42 1489
43 1489
44 1489
45 1489
46 1489
47 1489
48 1489
49 1489
1488 1489
1487 1489
1486 1489
1485 1489
1484 1489
1483 1489
1482 1489
1481 1489
1480 1489
1479 1489
1478 1489
1477 1489
1476 1489
1475 1489
1474 1489
1473 1489
1472 1489
1471 1489
1470 1489
1469 1489
1468 1489
1467 1489
1466 1489
1465 1489
1464 1489
1463 1489
1462 1489
1461 1489
1460 1489
1459 1489
1458 1489
1457 1489
1456 1489
1455 1489
1454 1489
1453 1489
1452 1489
1451 1489
1450 1489
1449 1489
1448 1489
1447 1489
1446 1489
1445 1489
1444 1489
1443 1489
1442 1489
1441 1489
1440 1489
1439 1489
