100
0 1741
1 1741
2 1741
3 1741
4 1741
5 1741
6 1741
7 1741
8 1741
9 1741
10 1741
11 1741
12 1741
13 1741
14 1741
15 1741
16 1741
17 1741
18 1741
19 1741
20 1741
21 1741
22 1741
23 1741
24 1741
25 1741
26 1741
27 1741
28 1741
29 1741
30 1741
31 1741
32 1741
33 1741
34 1741
35 1741
36 1741
37 1741
38 1741
39 1741
40 1741
41 1741
42 1741
43 1741
44 1741
45 1741
46 1741
47 1741
48 1741
49 1741
1740 1741
1739 1741
1738 1741
1737 1741
1736 1741
1735 1741
1734 1741
1733 1741
1732 1741
1731 1741
1730 1741
1729 1741
1728 1741
1727 1741
1726 1741
1725 1741
1724 1741
1723 1741
1722 1741
1721 1741
1720 1741
1719 1741
1718 1741
1717 1741
1716 1741
1715 1741
1714 1741
1713 1741
1712 1741
1711 1741
1710 1741
1709 1741
1708 1741
1707 1741
1706 1741
1705 1741
1704 1741
1703 1741
1702 1741
1701 1741
1700 1741
1699 1741
1698 1741
1697 1741
1696 1741
1695 1741
1694 1741
1693 1741
1692 1741
1691 1741
