100
0 1669
1 1669
2 1669
3 1669
4 1669
5 1669
6 1669
7 1669
8 1669
9 1669
10 1669
11 1669
12 1669
13 1669
14 1669
15 1669
16 1669
17 1669
18 1669
19 1669
20 1669
21 1669
22 1669
23 1669
24 1669
25 1669
26 1669
27 1669
28 1669
29 1669
30 1669
31 1669
32 1669
33 1669
34 1669
35 1669
36 1669
37 1669
38 1669
39 1669
40 1669
41 1669
42 1669
43 1669
44 1669
45 1669
46 1669
47 1669
48 1669
49 1669
1668 1669
1667 1669
1666 1669
1665 1669
1664 1669
1663 1669
1662 1669
1661 1669
1660 1669
1659 1669
1658 1669
1657 1669
1656 1669
1655 1669
1654 1669
1653 1669
1652 1669
1651 1669
1650 1669
1649 1669
1648 1669
1647 1669
1646 1669
1645 1669
1644 1669
1643 1669
1642 1669
1641 1669
1640 1669
1639 1669
1638 1669
1637 1669
1636 1669
1635 1669
1634 1669
1633 1669
1632 1669
1631 1669
1630 1669
1629 1669
1628 1669
1627 1669
1626 1669
1625 1669
1624 1669
1623 1669
1622 1669
1621 1669
1620 1669
1619 1669
