100
0 1721
1 1721
2 1721
3 1721
4 1721
5 1721
6 1721
7 1721
8 1721
9 1721
10 1721
11 1721
12 1721
13 1721
14 1721
15 1721
16 1721
17 1721
18 1721
19 1721
20 1721
21 1721
22 1721
23 1721
24 1721
25 1721
26 1721
27 1721
28 1721
29 1721
30 1721
31 1721
32 1721
33 1721
34 1721
35 1721
36 1721
37 1721
38 1721
39 1721
40 1721
41 1721
42 1721
43 1721
44 1721
45 1721
46 1721
47 1721
48 1721
49 1721
1720 1721
1719 1721
1718 1721
1717 1721
1716 1721
1715 1721
1714 1721
1713 1721
1712 1721
1711 1721
1710 1721
1709 1721
1708 1721
1707 1721
1706 1721
1705 1721
1704 1721
1703 1721
1702 1721
1701 1721
1700 1721
1699 1721
1698 1721
1697 1721
1696 1721
1695 1721
1694 1721
1693 1721
1692 1721
1691 1721
1690 1721
1689 1721
1688 1721
1687 1721
1686 1721
1685 1721
1684 1721
1683 1721
1682 1721
1681 1721
1680 1721
1679 1721
1678 1721
1677 1721
1676 1721
1675 1721
1674 1721
1673 1721
1672 1721
1671 1721
