100
0 1709
1 1709
2 1709
3 1709
4 1709
5 1709
6 1709
7 1709
8 1709
9 1709
10 1709
11 1709
12 1709
13 1709
14 1709
15 1709
16 1709
17 1709
18 1709
19 1709
20 1709
21 1709
22 1709
23 1709
24 1709
25 1709
26 1709
27 1709
28 1709
29 1709
30 1709
31 1709
32 1709
33 1709
34 1709
35 1709
36 1709
37 1709
38 1709
39 1709
40 1709
41 1709
42 1709
43 1709
44 1709
45 1709
46 1709
47 1709
48 1709
49 1709
1708 1709
1707 1709
1706 1709
1705 1709
1704 1709
1703 1709
1702 1709
1701 1709
1700 1709
1699 1709
1698 1709
1697 1709
1696 1709
1695 1709
1694 1709
1693 1709
1692 1709
1691 1709
1690 1709
1689 1709
1688 1709
1687 1709
1686 1709
1685 1709
1684 1709
1683 1709
1682 1709
1681 1709
1680 1709
1679 1709
1678 1709
1677 1709
1676 1709
1675 1709
1674 1709
1673 1709
1672 1709
1671 1709
1670 1709
1669 1709
1668 1709
1667 1709
1666 1709
1665 1709
1664 1709
1663 1709
1662 1709
1661 1709
1660 1709
1659 1709
