100
0 1759
1 1759
2 1759
3 1759
4 1759
5 1759
6 1759
7 1759
8 1759
9 1759
10 1759
11 1759
12 1759
13 1759
14 1759
15 1759
16 1759
17 1759
18 1759
19 1759
20 1759
21 1759
22 1759
23 1759
24 1759
25 1759
26 1759
27 1759
28 1759
29 1759
30 1759
31 1759
32 1759
33 1759
34 1759
35 1759
36 1759
37 1759
38 1759
39 1759
40 1759
41 1759
42 1759
43 1759
44 1759
45 1759
46 1759
47 1759
48 1759
49 1759
1758 1759
1757 1759
1756 1759
1755 1759
1754 1759
1753 1759
1752 1759
1751 1759
1750 1759
1749 1759
1748 1759
1747 1759
1746 1759
1745 1759
1744 1759
1743 1759
1742 1759
1741 1759
1740 1759
1739 1759
1738 1759
1737 1759
1736 1759
1735 1759
1734 1759
1733 1759
1732 1759
1731 1759
1730 1759
1729 1759
1728 1759
1727 1759
1726 1759
1725 1759
1724 1759
1723 1759
1722 1759
1721 1759
1720 1759
1719 1759
1718 1759
1717 1759
1716 1759
1715 1759
1714 1759
1713 1759
1712 1759
1711 1759
1710 1759
1709 1759
