100
0 1621
1 1621
2 1621
3 1621
4 1621
5 1621
6 1621
7 1621
8 1621
9 1621
10 1621
11 1621
12 1621
13 1621
14 1621
15 1621
16 1621
17 1621
18 1621
19 1621
20 1621
21 1621
22 1621
23 1621
24 1621
25 1621
26 1621
27 1621
28 1621
29 1621
30 1621
31 1621
32 1621
33 1621
34 1621
35 1621
36 1621
37 1621
38 1621
39 1621
40 1621
41 1621
42 1621
43 1621
44 1621
45 1621
46 1621
47 1621
48 1621
49 1621
1620 1621
1619 1621
1618 1621
1617 1621
1616 1621
1615 1621
1614 1621
1613 1621
1612 1621
1611 1621
1610 1621
1609 1621
1608 1621
1607 1621
1606 1621
1605 1621
1604 1621
1603 1621
1602 1621
1601 1621
1600 1621
1599 1621
1598 1621
1597 1621
1596 1621
1595 1621
1594 1621
1593 1621
1592 1621
1591 1621
1590 1621
1589 1621
1588 1621
1587 1621
1586 1621
1585 1621
1584 1621
1583 1621
1582 1621
1581 1621
1580 1621
1579 1621
1578 1621
1577 1621
1576 1621
1575 1621
1574 1621
1573 1621
1572 1621
1571 1621
