100
0 1789
1 1789
2 1789
3 1789
4 1789
5 1789
6 1789
7 1789
8 1789
9 1789
10 1789
11 1789
12 1789
13 1789
14 1789
15 1789
16 1789
17 1789
18 1789
19 1789
20 1789
21 1789
22 1789
23 1789
24 1789
25 1789
26 1789
27 1789
28 1789
29 1789
30 1789
31 1789
32 1789
33 1789
34 1789
35 1789
36 1789
37 1789
38 1789
39 1789
40 1789
41 1789
42 1789
43 1789
44 1789
45 1789
46 1789
47 1789
48 1789
49 1789
1788 1789
1787 1789
1786 1789
1785 1789
1784 1789
1783 1789
1782 1789
1781 1789
1780 1789
1779 1789
1778 1789
1777 1789
1776 1789
1775 1789
1774 1789
1773 1789
1772 1789
1771 1789
1770 1789
1769 1789
1768 1789
1767 1789
1766 1789
1765 1789
1764 1789
1763 1789
1762 1789
1761 1789
1760 1789
1759 1789
1758 1789
1757 1789
1756 1789
1755 1789
1754 1789
1753 1789
1752 1789
1751 1789
1750 1789
1749 1789
1748 1789
1747 1789
1746 1789
1745 1789
1744 1789
1743 1789
1742 1789
1741 1789
1740 1789
1739 1789
