100
0 1801
1 1801
2 1801
3 1801
4 1801
5 1801
6 1801
7 1801
8 1801
9 1801
10 1801
11 1801
12 1801
13 1801
14 1801
15 1801
16 1801
17 1801
18 1801
19 1801
20 1801
21 1801
22 1801
23 1801
24 1801
25 1801
26 1801
27 1801
28 1801
29 1801
30 1801
31 1801
32 1801
33 1801
34 1801
35 1801
36 1801
37 1801
38 1801
39 1801
40 1801
41 1801
42 1801
43 1801
44 1801
45 1801
46 1801
47 1801
48 1801
49 1801
1800 1801
1799 1801
1798 1801
1797 1801
1796 1801
1795 1801
1794 1801
1793 1801
1792 1801
1791 1801
1790 1801
1789 1801
1788 1801
1787 1801
1786 1801
1785 1801
1784 1801
1783 1801
1782 1801
1781 1801
1780 1801
1779 1801
1778 1801
1777 1801
1776 1801
1775 1801
1774 1801
1773 1801
1772 1801
1771 1801
1770 1801
1769 1801
1768 1801
1767 1801
1766 1801
1765 1801
1764 1801
1763 1801
1762 1801
1761 1801
1760 1801
1759 1801
1758 1801
1757 1801
1756 1801
1755 1801
1754 1801
1753 1801
1752 1801
1751 1801
