100
0 1699
1 1699
2 1699
3 1699
4 1699
5 1699
6 1699
7 1699
8 1699
9 1699
10 1699
11 1699
12 1699
13 1699
14 1699
15 1699
16 1699
17 1699
18 1699
19 1699
20 1699
21 1699
22 1699
23 1699
24 1699
25 1699
26 1699
27 1699
28 1699
29 1699
30 1699
31 1699
32 1699
33 1699
34 1699
35 1699
36 1699
37 1699
38 1699
39 1699
40 1699
41 1699
42 1699
43 1699
44 1699
45 1699
46 1699
47 1699
48 1699
49 1699
1698 1699
1697 1699
1696 1699
1695 1699
1694 1699
1693 1699
1692 1699
1691 1699
1690 1699
1689 1699
1688 1699
1687 1699
1686 1699
1685 1699
1684 1699
1683 1699
1682 1699
1681 1699
1680 1699
1679 1699
1678 1699
1677 1699
1676 1699
1675 1699
1674 1699
1673 1699
1672 1699
1671 1699
1670 1699
1669 1699
1668 1699
1667 1699
1666 1699
1665 1699
1664 1699
1663 1699
1662 1699
1661 1699
1660 1699
1659 1699
1658 1699
1657 1699
1656 1699
1655 1699
1654 1699
1653 1699
1652 1699
1651 1699
1650 1699
1649 1699
