100
0 1619
1 1619
2 1619
3 1619
4 1619
5 1619
6 1619
7 1619
8 1619
9 1619
10 1619
11 1619
12 1619
13 1619
14 1619
15 1619
16 1619
17 1619
18 1619
19 1619
20 1619
21 1619
22 1619
23 1619
24 1619
25 1619
26 1619
27 1619
28 1619
29 1619
30 1619
31 1619
32 1619
33 1619
34 1619
35 1619
36 1619
37 1619
38 1619
39 1619
40 1619
41 1619
42 1619
43 1619
44 1619
45 1619
46 1619
47 1619
48 1619
49 1619
1618 1619
1617 1619
1616 1619
1615 1619
1614 1619
1613 1619
1612 1619
1611 1619
1610 1619
1609 1619
1608 1619
1607 1619
1606 1619
1605 1619
1604 1619
1603 1619
1602 1619
1601 1619
1600 1619
1599 1619
1598 1619
1597 1619
1596 1619
1595 1619
1594 1619
1593 1619
1592 1619
1591 1619
1590 1619
1589 1619
1588 1619
1587 1619
1586 1619
1585 1619
1584 1619
1583 1619
1582 1619
1581 1619
1580 1619
1579 1619
1578 1619
1577 1619
1576 1619
1575 1619
1574 1619
1573 1619
1572 1619
1571 1619
1570 1619
1569 1619
