100
0 1861
1 1861
2 1861
3 1861
4 1861
5 1861
6 1861
7 1861
8 1861
9 1861
10 1861
11 1861
12 1861
13 1861
14 1861
15 1861
16 1861
17 1861
18 1861
19 1861
20 1861
21 1861
22 1861
23 1861
24 1861
25 1861
26 1861
27 1861
28 1861
29 1861
30 1861
31 1861
32 1861
33 1861
34 1861
35 1861
36 1861
37 1861
38 1861
39 1861
40 1861
41 1861
42 1861
43 1861
44 1861
45 1861
46 1861
47 1861
48 1861
49 1861
1860 1861
1859 1861
1858 1861
1857 1861
1856 1861
1855 1861
1854 1861
1853 1861
1852 1861
1851 1861
1850 1861
1849 1861
1848 1861
1847 1861
1846 1861
1845 1861
1844 1861
1843 1861
1842 1861
1841 1861
1840 1861
1839 1861
1838 1861
1837 1861
1836 1861
1835 1861
1834 1861
1833 1861
1832 1861
1831 1861
1830 1861
1829 1861
1828 1861
1827 1861
1826 1861
1825 1861
1824 1861
1823 1861
1822 1861
1821 1861
1820 1861
1819 1861
1818 1861
1817 1861
1816 1861
1815 1861
1814 1861
1813 1861
1812 1861
1811 1861
