100
0 1879
1 1879
2 1879
3 1879
4 1879
5 1879
6 1879
7 1879
8 1879
9 1879
10 1879
11 1879
12 1879
13 1879
14 1879
15 1879
16 1879
17 1879
18 1879
19 1879
20 1879
21 1879
22 1879
23 1879
24 1879
25 1879
26 1879
27 1879
28 1879
29 1879
30 1879
31 1879
32 1879
33 1879
34 1879
35 1879
36 1879
37 1879
38 1879
39 1879
40 1879
41 1879
42 1879
43 1879
44 1879
45 1879
46 1879
47 1879
48 1879
49 1879
1878 1879
1877 1879
1876 1879
1875 1879
1874 1879
1873 1879
1872 1879
1871 1879
1870 1879
1869 1879
1868 1879
1867 1879
1866 1879
1865 1879
1864 1879
1863 1879
1862 1879
1861 1879
1860 1879
1859 1879
1858 1879
1857 1879
1856 1879
1855 1879
1854 1879
1853 1879
1852 1879
1851 1879
1850 1879
1849 1879
1848 1879
1847 1879
1846 1879
1845 1879
1844 1879
1843 1879
1842 1879
1841 1879
1840 1879
1839 1879
1838 1879
1837 1879
1836 1879
1835 1879
1834 1879
1833 1879
1832 1879
1831 1879
1830 1879
1829 1879
