100
0 1901
1 1901
2 1901
3 1901
4 1901
5 1901
6 1901
7 1901
8 1901
9 1901
10 1901
11 1901
12 1901
13 1901
14 1901
15 1901
16 1901
17 1901
18 1901
19 1901
20 1901
21 1901
22 1901
23 1901
24 1901
25 1901
26 1901
27 1901
28 1901
29 1901
30 1901
31 1901
32 1901
33 1901
34 1901
35 1901
36 1901
37 1901
38 1901
39 1901
40 1901
41 1901
42 1901
43 1901
44 1901
45 1901
46 1901
47 1901
48 1901
49 1901
1900 1901
1899 1901
1898 1901
1897 1901
1896 1901
1895 1901
1894 1901
1893 1901
1892 1901
1891 1901
1890 1901
1889 1901
1888 1901
1887 1901
1886 1901
1885 1901
1884 1901
1883 1901
1882 1901
1881 1901
1880 1901
1879 1901
1878 1901
1877 1901
1876 1901
1875 1901
1874 1901
1873 1901
1872 1901
1871 1901
1870 1901
1869 1901
1868 1901
1867 1901
1866 1901
1865 1901
1864 1901
1863 1901
1862 1901
1861 1901
1860 1901
1859 1901
1858 1901
1857 1901
1856 1901
1855 1901
1854 1901
1853 1901
1852 1901
1851 1901
