100
0 1889
1 1889
2 1889
3 1889
4 1889
5 1889
6 1889
7 1889
8 1889
9 1889
10 1889
11 1889
12 1889
13 1889
14 1889
15 1889
16 1889
17 1889
18 1889
19 1889
20 1889
21 1889
22 1889
23 1889
24 1889
25 1889
26 1889
27 1889
28 1889
29 1889
30 1889
31 1889
32 1889
33 1889
34 1889
35 1889
36 1889
37 1889
38 1889
39 1889
40 1889
41 1889
42 1889
43 1889
44 1889
45 1889
46 1889
47 1889
48 1889
49 1889
1888 1889
1887 1889
1886 1889
1885 1889
1884 1889
1883 1889
1882 1889
1881 1889
1880 1889
1879 1889
1878 1889
1877 1889
1876 1889
1875 1889
1874 1889
1873 1889
1872 1889
1871 1889
1870 1889
1869 1889
1868 1889
1867 1889
1866 1889
1865 1889
1864 1889
1863 1889
1862 1889
1861 1889
1860 1889
1859 1889
1858 1889
1857 1889
1856 1889
1855 1889
1854 1889
1853 1889
1852 1889
1851 1889
1850 1889
1849 1889
1848 1889
1847 1889
1846 1889
1845 1889
1844 1889
1843 1889
1842 1889
1841 1889
1840 1889
1839 1889
