100
0 1811
1 1811
2 1811
3 1811
4 1811
5 1811
6 1811
7 1811
8 1811
9 1811
10 1811
11 1811
12 1811
13 1811
14 1811
15 1811
16 1811
17 1811
18 1811
19 1811
20 1811
21 1811
22 1811
23 1811
24 1811
25 1811
26 1811
27 1811
28 1811
29 1811
30 1811
31 1811
32 1811
33 1811
34 1811
35 1811
36 1811
37 1811
38 1811
39 1811
40 1811
41 1811
42 1811
43 1811
44 1811
45 1811
46 1811
47 1811
48 1811
49 1811
1810 1811
1809 1811
1808 1811
1807 1811
1806 1811
1805 1811
1804 1811
1803 1811
1802 1811
1801 1811
1800 1811
1799 1811
1798 1811
1797 1811
1796 1811
1795 1811
1794 1811
1793 1811
1792 1811
1791 1811
1790 1811
1789 1811
1788 1811
1787 1811
1786 1811
1785 1811
1784 1811
1783 1811
1782 1811
1781 1811
1780 1811
1779 1811
1778 1811
1777 1811
1776 1811
1775 1811
1774 1811
1773 1811
1772 1811
1771 1811
1770 1811
1769 1811
1768 1811
1767 1811
1766 1811
1765 1811
1764 1811
1763 1811
1762 1811
1761 1811
