100
0 1871
1 1871
2 1871
3 1871
4 1871
5 1871
6 1871
7 1871
8 1871
9 1871
10 1871
11 1871
12 1871
13 1871
14 1871
15 1871
16 1871
17 1871
18 1871
19 1871
20 1871
21 1871
22 1871
23 1871
24 1871
25 1871
26 1871
27 1871
28 1871
29 1871
30 1871
31 1871
32 1871
33 1871
34 1871
35 1871
36 1871
37 1871
38 1871
39 1871
40 1871
41 1871
42 1871
43 1871
44 1871
45 1871
46 1871
47 1871
48 1871
49 1871
1870 1871
1869 1871
1868 1871
1867 1871
1866 1871
1865 1871
1864 1871
1863 1871
1862 1871
1861 1871
1860 1871
1859 1871
1858 1871
1857 1871
1856 1871
1855 1871
1854 1871
1853 1871
1852 1871
1851 1871
1850 1871
1849 1871
1848 1871
1847 1871
1846 1871
1845 1871
1844 1871
1843 1871
1842 1871
1841 1871
1840 1871
1839 1871
1838 1871
1837 1871
1836 1871
1835 1871
1834 1871
1833 1871
1832 1871
1831 1871
1830 1871
1829 1871
1828 1871
1827 1871
1826 1871
1825 1871
1824 1871
1823 1871
1822 1871
1821 1871
