100
0 1931
1 1931
2 1931
3 1931
4 1931
5 1931
6 1931
7 1931
8 1931
9 1931
10 1931
11 1931
12 1931
13 1931
14 1931
15 1931
16 1931
17 1931
18 1931
19 1931
20 1931
21 1931
22 1931
23 1931
24 1931
25 1931
26 1931
27 1931
28 1931
29 1931
30 1931
31 1931
32 1931
33 1931
34 1931
35 1931
36 1931
37 1931
38 1931
39 1931
40 1931
41 1931
42 1931
43 1931
44 1931
45 1931
46 1931
47 1931
48 1931
49 1931
1930 1931
1929 1931
1928 1931
1927 1931
1926 1931
1925 1931
1924 1931
1923 1931
1922 1931
1921 1931
1920 1931
1919 1931
1918 1931
1917 1931
1916 1931
1915 1931
1914 1931
1913 1931
1912 1931
1911 1931
1910 1931
1909 1931
1908 1931
1907 1931
1906 1931
1905 1931
1904 1931
1903 1931
1902 1931
1901 1931
1900 1931
1899 1931
1898 1931
1897 1931
1896 1931
1895 1931
1894 1931
1893 1931
1892 1931
1891 1931
1890 1931
1889 1931
1888 1931
1887 1931
1886 1931
1885 1931
1884 1931
1883 1931
1882 1931
1881 1931
