100
0 1951
1 1951
2 1951
3 1951
4 1951
5 1951
6 1951
7 1951
8 1951
9 1951
10 1951
11 1951
12 1951
13 1951
14 1951
15 1951
16 1951
17 1951
18 1951
19 1951
20 1951
21 1951
22 1951
23 1951
24 1951
25 1951
26 1951
27 1951
28 1951
29 1951
30 1951
31 1951
32 1951
33 1951
34 1951
35 1951
36 1951
37 1951
38 1951
39 1951
40 1951
41 1951
42 1951
43 1951
44 1951
45 1951
46 1951
47 1951
48 1951
49 1951
1950 1951
1949 1951
1948 1951
1947 1951
1946 1951
1945 1951
1944 1951
1943 1951
1942 1951
1941 1951
1940 1951
1939 1951
1938 1951
1937 1951
1936 1951
1935 1951
1934 1951
1933 1951
1932 1951
1931 1951
1930 1951
1929 1951
1928 1951
1927 1951
1926 1951
1925 1951
1924 1951
1923 1951
1922 1951
1921 1951
1920 1951
1919 1951
1918 1951
1917 1951
1916 1951
1915 1951
1914 1951
1913 1951
1912 1951
1911 1951
1910 1951
1909 1951
1908 1951
1907 1951
1906 1951
1905 1951
1904 1951
1903 1951
1902 1951
1901 1951
