100
0 1831
1 1831
2 1831
3 1831
4 1831
5 1831
6 1831
7 1831
8 1831
9 1831
10 1831
11 1831
12 1831
13 1831
14 1831
15 1831
16 1831
17 1831
18 1831
19 1831
20 1831
21 1831
22 1831
23 1831
24 1831
25 1831
26 1831
27 1831
28 1831
29 1831
30 1831
31 1831
32 1831
33 1831
34 1831
35 1831
36 1831
37 1831
38 1831
39 1831
40 1831
41 1831
42 1831
43 1831
44 1831
45 1831
46 1831
47 1831
48 1831
49 1831
1830 1831
1829 1831
1828 1831
1827 1831
1826 1831
1825 1831
1824 1831
1823 1831
1822 1831
1821 1831
1820 1831
1819 1831
1818 1831
1817 1831
1816 1831
1815 1831
1814 1831
1813 1831
1812 1831
1811 1831
1810 1831
1809 1831
1808 1831
1807 1831
1806 1831
1805 1831
1804 1831
1803 1831
1802 1831
1801 1831
1800 1831
1799 1831
1798 1831
1797 1831
1796 1831
1795 1831
1794 1831
1793 1831
1792 1831
1791 1831
1790 1831
1789 1831
1788 1831
1787 1831
1786 1831
1785 1831
1784 1831
1783 1831
1782 1831
1781 1831
