100
0 1949
1 1949
2 1949
3 1949
4 1949
5 1949
6 1949
7 1949
8 1949
9 1949
10 1949
11 1949
12 1949
13 1949
14 1949
15 1949
16 1949
17 1949
18 1949
19 1949
20 1949
21 1949
22 1949
23 1949
24 1949
25 1949
26 1949
27 1949
28 1949
29 1949
30 1949
31 1949
32 1949
33 1949
34 1949
35 1949
36 1949
37 1949
38 1949
39 1949
40 1949
41 1949
42 1949
43 1949
44 1949
45 1949
46 1949
47 1949
48 1949
49 1949
1948 1949
1947 1949
1946 1949
1945 1949
1944 1949
1943 1949
1942 1949
1941 1949
1940 1949
1939 1949
1938 1949
1937 1949
1936 1949
1935 1949
1934 1949
1933 1949
1932 1949
1931 1949
1930 1949
1929 1949
1928 1949
1927 1949
1926 1949
1925 1949
1924 1949
1923 1949
1922 1949
1921 1949
1920 1949
1919 1949
1918 1949
1917 1949
1916 1949
1915 1949
1914 1949
1913 1949
1912 1949
1911 1949
1910 1949
1909 1949
1908 1949
1907 1949
1906 1949
1905 1949
1904 1949
1903 1949
1902 1949
1901 1949
1900 1949
1899 1949
