100
0 1979
1 1979
2 1979
3 1979
4 1979
5 1979
6 1979
7 1979
8 1979
9 1979
10 1979
11 1979
12 1979
13 1979
14 1979
15 1979
16 1979
17 1979
18 1979
19 1979
20 1979
21 1979
22 1979
23 1979
24 1979
25 1979
26 1979
27 1979
28 1979
29 1979
30 1979
31 1979
32 1979
33 1979
34 1979
35 1979
36 1979
37 1979
38 1979
39 1979
40 1979
41 1979
42 1979
43 1979
44 1979
45 1979
46 1979
47 1979
48 1979
49 1979
1978 1979
1977 1979
1976 1979
1975 1979
1974 1979
1973 1979
1972 1979
1971 1979
1970 1979
1969 1979
1968 1979
1967 1979
1966 1979
1965 1979
1964 1979
1963 1979
1962 1979
1961 1979
1960 1979
1959 1979
1958 1979
1957 1979
1956 1979
1955 1979
1954 1979
1953 1979
1952 1979
1951 1979
1950 1979
1949 1979
1948 1979
1947 1979
1946 1979
1945 1979
1944 1979
1943 1979
1942 1979
1941 1979
1940 1979
1939 1979
1938 1979
1937 1979
1936 1979
1935 1979
1934 1979
1933 1979
1932 1979
1931 1979
1930 1979
1929 1979
