100
0 2099
1 2099
2 2099
3 2099
4 2099
5 2099
6 2099
7 2099
8 2099
9 2099
10 2099
11 2099
12 2099
13 2099
14 2099
15 2099
16 2099
17 2099
18 2099
19 2099
20 2099
21 2099
22 2099
23 2099
24 2099
25 2099
26 2099
27 2099
28 2099
29 2099
30 2099
31 2099
32 2099
33 2099
34 2099
35 2099
36 2099
37 2099
38 2099
39 2099
40 2099
41 2099
42 2099
43 2099
44 2099
45 2099
46 2099
47 2099
48 2099
49 2099
2098 2099
2097 2099
2096 2099
2095 2099
2094 2099
2093 2099
2092 2099
2091 2099
2090 2099
2089 2099
2088 2099
2087 2099
2086 2099
2085 2099
2084 2099
2083 2099
2082 2099
2081 2099
2080 2099
2079 2099
2078 2099
2077 2099
2076 2099
2075 2099
2074 2099
2073 2099
2072 2099
2071 2099
2070 2099
2069 2099
2068 2099
2067 2099
2066 2099
2065 2099
2064 2099
2063 2099
2062 2099
2061 2099
2060 2099
2059 2099
2058 2099
2057 2099
2056 2099
2055 2099
2054 2099
2053 2099
2052 2099
2051 2099
2050 2099
2049 2099
