100
0 1999
1 1999
2 1999
3 1999
4 1999
5 1999
6 1999
7 1999
8 1999
9 1999
10 1999
11 1999
12 1999
13 1999
14 1999
15 1999
16 1999
17 1999
18 1999
19 1999
20 1999
21 1999
22 1999
23 1999
24 1999
25 1999
26 1999
27 1999
28 1999
29 1999
30 1999
31 1999
32 1999
33 1999
34 1999
35 1999
36 1999
37 1999
38 1999
39 1999
40 1999
41 1999
42 1999
43 1999
44 1999
45 1999
46 1999
47 1999
48 1999
49 1999
1998 1999
1997 1999
1996 1999
1995 1999
1994 1999
1993 1999
1992 1999
1991 1999
1990 1999
1989 1999
1988 1999
1987 1999
1986 1999
1985 1999
1984 1999
1983 1999
1982 1999
1981 1999
1980 1999
1979 1999
1978 1999
1977 1999
1976 1999
1975 1999
1974 1999
1973 1999
1972 1999
1971 1999
1970 1999
1969 1999
1968 1999
1967 1999
1966 1999
1965 1999
1964 1999
1963 1999
1962 1999
1961 1999
1960 1999
1959 1999
1958 1999
1957 1999
1956 1999
1955 1999
1954 1999
1953 1999
1952 1999
1951 1999
1950 1999
1949 1999
