100
0 2029
1 2029
2 2029
3 2029
4 2029
5 2029
6 2029
7 2029
8 2029
9 2029
10 2029
11 2029
12 2029
13 2029
14 2029
15 2029
16 2029
17 2029
18 2029
19 2029
20 2029
21 2029
22 2029
23 2029
24 2029
25 2029
26 2029
27 2029
28 2029
29 2029
30 2029
31 2029
32 2029
33 2029
34 2029
35 2029
36 2029
37 2029
38 2029
39 2029
40 2029
41 2029
42 2029
43 2029
44 2029
45 2029
46 2029
47 2029
48 2029
49 2029
2028 2029
2027 2029
2026 2029
2025 2029
2024 2029
2023 2029
2022 2029
2021 2029
2020 2029
2019 2029
2018 2029
2017 2029
2016 2029
2015 2029
2014 2029
2013 2029
2012 2029
2011 2029
2010 2029
2009 2029
2008 2029
2007 2029
2006 2029
2005 2029
2004 2029
2003 2029
2002 2029
2001 2029
2000 2029
1999 2029
1998 2029
1997 2029
1996 2029
1995 2029
1994 2029
1993 2029
1992 2029
1991 2029
1990 2029
1989 2029
1988 2029
1987 2029
1986 2029
1985 2029
1984 2029
1983 2029
1982 2029
1981 2029
1980 2029
1979 2029
