100
0 2039
1 2039
2 2039
3 2039
4 2039
5 2039
6 2039
7 2039
8 2039
9 2039
10 2039
11 2039
12 2039
13 2039
14 2039
15 2039
16 2039
17 2039
18 2039
19 2039
20 2039
21 2039
22 2039
23 2039
24 2039
25 2039
26 2039
27 2039
28 2039
29 2039
30 2039
31 2039
32 2039
33 2039
34 2039
35 2039
36 2039
37 2039
38 2039
39 2039
40 2039
41 2039
42 2039
43 2039
44 2039
45 2039
46 2039
47 2039
48 2039
49 2039
2038 2039
2037 2039
2036 2039
2035 2039
2034 2039
2033 2039
2032 2039
2031 2039
2030 2039
2029 2039
2028 2039
2027 2039
2026 2039
2025 2039
2024 2039
2023 2039
2022 2039
2021 2039
2020 2039
2019 2039
2018 2039
2017 2039
2016 2039
2015 2039
2014 2039
2013 2039
2012 2039
2011 2039
2010 2039
2009 2039
2008 2039
2007 2039
2006 2039
2005 2039
2004 2039
2003 2039
2002 2039
2001 2039
2000 2039
1999 2039
1998 2039
1997 2039
1996 2039
1995 2039
1994 2039
1993 2039
1992 2039
1991 2039
1990 2039
1989 2039
