100
0 2069
1 2069
2 2069
3 2069
4 2069
5 2069
6 2069
7 2069
8 2069
9 2069
10 2069
11 2069
12 2069
13 2069
14 2069
15 2069
16 2069
17 2069
18 2069
19 2069
20 2069
21 2069
22 2069
23 2069
24 2069
25 2069
26 2069
27 2069
28 2069
29 2069
30 2069
31 2069
32 2069
33 2069
34 2069
35 2069
36 2069
37 2069
38 2069
39 2069
40 2069
41 2069
42 2069
43 2069
44 2069
45 2069
46 2069
47 2069
48 2069
49 2069
2068 2069
2067 2069
2066 2069
2065 2069
2064 2069
2063 2069
2062 2069
2061 2069
2060 2069
2059 2069
2058 2069
2057 2069
2056 2069
2055 2069
2054 2069
2053 2069
2052 2069
2051 2069
2050 2069
2049 2069
2048 2069
2047 2069
2046 2069
2045 2069
2044 2069
2043 2069
2042 2069
2041 2069
2040 2069
2039 2069
2038 2069
2037 2069
2036 2069
2035 2069
2034 2069
2033 2069
2032 2069
2031 2069
2030 2069
2029 2069
2028 2069
2027 2069
2026 2069
2025 2069
2024 2069
2023 2069
2022 2069
2021 2069
2020 2069
2019 2069
