100
0 2011
1 2011
2 2011
3 2011
4 2011
5 2011
6 2011
7 2011
8 2011
9 2011
10 2011
11 2011
12 2011
13 2011
14 2011
15 2011
16 2011
17 2011
18 2011
19 2011
20 2011
21 2011
22 2011
23 2011
24 2011
25 2011
26 2011
27 2011
28 2011
29 2011
30 2011
31 2011
32 2011
33 2011
34 2011
35 2011
36 2011
37 2011
38 2011
39 2011
40 2011
41 2011
42 2011
43 2011
44 2011
45 2011
46 2011
47 2011
48 2011
49 2011
2010 2011
2009 2011
2008 2011
2007 2011
2006 2011
2005 2011
2004 2011
2003 2011
2002 2011
2001 2011
2000 2011
1999 2011
1998 2011
1997 2011
1996 2011
1995 2011
1994 2011
1993 2011
1992 2011
1991 2011
1990 2011
1989 2011
1988 2011
1987 2011
1986 2011
1985 2011
1984 2011
1983 2011
1982 2011
1981 2011
1980 2011
1979 2011
1978 2011
1977 2011
1976 2011
1975 2011
1974 2011
1973 2011
1972 2011
1971 2011
1970 2011
1969 2011
1968 2011
1967 2011
1966 2011
1965 2011
1964 2011
1963 2011
1962 2011
1961 2011
