100
0 2111
1 2111
2 2111
3 2111
4 2111
5 2111
6 2111
7 2111
8 2111
9 2111
10 2111
11 2111
12 2111
13 2111
14 2111
15 2111
16 2111
17 2111
18 2111
19 2111
20 2111
21 2111
22 2111
23 2111
24 2111
25 2111
26 2111
27 2111
28 2111
29 2111
30 2111
31 2111
32 2111
33 2111
34 2111
35 2111
36 2111
37 2111
38 2111
39 2111
40 2111
41 2111
42 2111
43 2111
44 2111
45 2111
46 2111
47 2111
48 2111
49 2111
2110 2111
2109 2111
2108 2111
2107 2111
2106 2111
2105 2111
2104 2111
2103 2111
2102 2111
2101 2111
2100 2111
2099 2111
2098 2111
2097 2111
2096 2111
2095 2111
2094 2111
2093 2111
2092 2111
2091 2111
2090 2111
2089 2111
2088 2111
2087 2111
2086 2111
2085 2111
2084 2111
2083 2111
2082 2111
2081 2111
2080 2111
2079 2111
2078 2111
2077 2111
2076 2111
2075 2111
2074 2111
2073 2111
2072 2111
2071 2111
2070 2111
2069 2111
2068 2111
2067 2111
2066 2111
2065 2111
2064 2111
2063 2111
2062 2111
2061 2111
