100
0 2089
1 2089
2 2089
3 2089
4 2089
5 2089
6 2089
7 2089
8 2089
9 2089
10 2089
11 2089
12 2089
13 2089
14 2089
15 2089
16 2089
17 2089
18 2089
19 2089
20 2089
21 2089
22 2089
23 2089
24 2089
25 2089
26 2089
27 2089
28 2089
29 2089
30 2089
31 2089
32 2089
33 2089
34 2089
35 2089
36 2089
37 2089
38 2089
39 2089
40 2089
41 2089
42 2089
43 2089
44 2089
45 2089
46 2089
47 2089
48 2089
49 2089
2088 2089
2087 2089
2086 2089
2085 2089
2084 2089
2083 2089
2082 2089
2081 2089
2080 2089
2079 2089
2078 2089
2077 2089
2076 2089
2075 2089
2074 2089
2073 2089
2072 2089
2071 2089
2070 2089
2069 2089
2068 2089
2067 2089
2066 2089
2065 2089
2064 2089
2063 2089
2062 2089
2061 2089
2060 2089
2059 2089
2058 2089
2057 2089
2056 2089
2055 2089
2054 2089
2053 2089
2052 2089
2051 2089
2050 2089
2049 2089
2048 2089
2047 2089
2046 2089
2045 2089
2044 2089
2043 2089
2042 2089
2041 2089
2040 2089
2039 2089
