100
0 2081
1 2081
2 2081
3 2081
4 2081
5 2081
6 2081
7 2081
8 2081
9 2081
10 2081
11 2081
12 2081
13 2081
14 2081
15 2081
16 2081
17 2081
18 2081
19 2081
20 2081
21 2081
22 2081
23 2081
24 2081
25 2081
26 2081
27 2081
28 2081
29 2081
30 2081
31 2081
32 2081
33 2081
34 2081
35 2081
36 2081
37 2081
38 2081
39 2081
40 2081
41 2081
42 2081
43 2081
44 2081
45 2081
46 2081
47 2081
48 2081
49 2081
2080 2081
2079 2081
2078 2081
2077 2081
2076 2081
2075 2081
2074 2081
2073 2081
2072 2081
2071 2081
2070 2081
2069 2081
2068 2081
2067 2081
2066 2081
2065 2081
2064 2081
2063 2081
2062 2081
2061 2081
2060 2081
2059 2081
2058 2081
2057 2081
2056 2081
2055 2081
2054 2081
2053 2081
2052 2081
2051 2081
2050 2081
2049 2081
2048 2081
2047 2081
2046 2081
2045 2081
2044 2081
2043 2081
2042 2081
2041 2081
2040 2081
2039 2081
2038 2081
2037 2081
2036 2081
2035 2081
2034 2081
2033 2081
2032 2081
2031 2081
