100
0 2239
1 2239
2 2239
3 2239
4 2239
5 2239
6 2239
7 2239
8 2239
9 2239
10 2239
11 2239
12 2239
13 2239
14 2239
15 2239
16 2239
17 2239
18 2239
19 2239
20 2239
21 2239
22 2239
23 2239
24 2239
25 2239
26 2239
27 2239
28 2239
29 2239
30 2239
31 2239
32 2239
33 2239
34 2239
35 2239
36 2239
37 2239
38 2239
39 2239
40 2239
41 2239
42 2239
43 2239
44 2239
45 2239
46 2239
47 2239
48 2239
49 2239
2238 2239
2237 2239
2236 2239
2235 2239
2234 2239
2233 2239
2232 2239
2231 2239
2230 2239
2229 2239
2228 2239
2227 2239
2226 2239
2225 2239
2224 2239
2223 2239
2222 2239
2221 2239
2220 2239
2219 2239
2218 2239
2217 2239
2216 2239
2215 2239
2214 2239
2213 2239
2212 2239
2211 2239
2210 2239
2209 2239
2208 2239
2207 2239
2206 2239
2205 2239
2204 2239
2203 2239
2202 2239
2201 2239
2200 2239
2199 2239
2198 2239
2197 2239
2196 2239
2195 2239
2194 2239
2193 2239
2192 2239
2191 2239
2190 2239
2189 2239
