100
0 2281
1 2281
2 2281
3 2281
4 2281
5 2281
6 2281
7 2281
8 2281
9 2281
10 2281
11 2281
12 2281
13 2281
14 2281
15 2281
16 2281
17 2281
18 2281
19 2281
20 2281
21 2281
22 2281
23 2281
24 2281
25 2281
26 2281
27 2281
28 2281
29 2281
30 2281
31 2281
32 2281
33 2281
34 2281
35 2281
36 2281
37 2281
38 2281
39 2281
40 2281
41 2281
42 2281
43 2281
44 2281
45 2281
46 2281
47 2281
48 2281
49 2281
2280 2281
2279 2281
2278 2281
2277 2281
2276 2281
2275 2281
2274 2281
2273 2281
2272 2281
2271 2281
2270 2281
2269 2281
2268 2281
2267 2281
2266 2281
2265 2281
2264 2281
2263 2281
2262 2281
2261 2281
2260 2281
2259 2281
2258 2281
2257 2281
2256 2281
2255 2281
2254 2281
2253 2281
2252 2281
2251 2281
2250 2281
2249 2281
2248 2281
2247 2281
2246 2281
2245 2281
2244 2281
2243 2281
2242 2281
2241 2281
2240 2281
2239 2281
2238 2281
2237 2281
2236 2281
2235 2281
2234 2281
2233 2281
2232 2281
2231 2281
