100
0 2129
1 2129
2 2129
3 2129
4 2129
5 2129
6 2129
7 2129
8 2129
9 2129
10 2129
11 2129
12 2129
13 2129
14 2129
15 2129
16 2129
17 2129
18 2129
19 2129
20 2129
21 2129
22 2129
23 2129
24 2129
25 2129
26 2129
27 2129
28 2129
29 2129
30 2129
31 2129
32 2129
33 2129
34 2129
35 2129
36 2129
37 2129
38 2129
39 2129
40 2129
41 2129
42 2129
43 2129
44 2129
45 2129
46 2129
47 2129
48 2129
49 2129
2128 2129
2127 2129
2126 2129
2125 2129
2124 2129
2123 2129
2122 2129
2121 2129
2120 2129
2119 2129
2118 2129
2117 2129
2116 2129
2115 2129
2114 2129
2113 2129
2112 2129
2111 2129
2110 2129
2109 2129
2108 2129
2107 2129
2106 2129
2105 2129
2104 2129
2103 2129
2102 2129
2101 2129
2100 2129
2099 2129
2098 2129
2097 2129
2096 2129
2095 2129
2094 2129
2093 2129
2092 2129
2091 2129
2090 2129
2089 2129
2088 2129
2087 2129
2086 2129
2085 2129
2084 2129
2083 2129
2082 2129
2081 2129
2080 2129
2079 2129
