100
0 2161
1 2161
2 2161
3 2161
4 2161
5 2161
6 2161
7 2161
8 2161
9 2161
10 2161
11 2161
12 2161
13 2161
14 2161
15 2161
16 2161
17 2161
18 2161
19 2161
20 2161
21 2161
22 2161
23 2161
24 2161
25 2161
26 2161
27 2161
28 2161
29 2161
30 2161
31 2161
32 2161
33 2161
34 2161
35 2161
36 2161
37 2161
38 2161
39 2161
40 2161
41 2161
42 2161
43 2161
44 2161
45 2161
46 2161
47 2161
48 2161
49 2161
2160 2161
2159 2161
2158 2161
2157 2161
2156 2161
2155 2161
2154 2161
2153 2161
2152 2161
2151 2161
2150 2161
2149 2161
2148 2161
2147 2161
2146 2161
2145 2161
2144 2161
2143 2161
2142 2161
2141 2161
2140 2161
2139 2161
2138 2161
2137 2161
2136 2161
2135 2161
2134 2161
2133 2161
2132 2161
2131 2161
2130 2161
2129 2161
2128 2161
2127 2161
2126 2161
2125 2161
2124 2161
2123 2161
2122 2161
2121 2161
2120 2161
2119 2161
2118 2161
2117 2161
2116 2161
2115 2161
2114 2161
2113 2161
2112 2161
2111 2161
