100
0 2251
1 2251
2 2251
3 2251
4 2251
5 2251
6 2251
7 2251
8 2251
9 2251
10 2251
11 2251
12 2251
13 2251
14 2251
15 2251
16 2251
17 2251
18 2251
19 2251
20 2251
21 2251
22 2251
23 2251
24 2251
25 2251
26 2251
27 2251
28 2251
29 2251
30 2251
31 2251
32 2251
33 2251
34 2251
35 2251
36 2251
37 2251
38 2251
39 2251
40 2251
41 2251
42 2251
43 2251
44 2251
45 2251
46 2251
47 2251
48 2251
49 2251
2250 2251
2249 2251
2248 2251
2247 2251
2246 2251
2245 2251
2244 2251
2243 2251
2242 2251
2241 2251
2240 2251
2239 2251
2238 2251
2237 2251
2236 2251
2235 2251
2234 2251
2233 2251
2232 2251
2231 2251
2230 2251
2229 2251
2228 2251
2227 2251
2226 2251
2225 2251
2224 2251
2223 2251
2222 2251
2221 2251
2220 2251
2219 2251
2218 2251
2217 2251
2216 2251
2215 2251
2214 2251
2213 2251
2212 2251
2211 2251
2210 2251
2209 2251
2208 2251
2207 2251
2206 2251
2205 2251
2204 2251
2203 2251
2202 2251
2201 2251
