100
0 2179
1 2179
2 2179
3 2179
4 2179
5 2179
6 2179
7 2179
8 2179
9 2179
10 2179
11 2179
12 2179
13 2179
14 2179
15 2179
16 2179
17 2179
18 2179
19 2179
20 2179
21 2179
22 2179
23 2179
24 2179
25 2179
26 2179
27 2179
28 2179
29 2179
30 2179
31 2179
32 2179
33 2179
34 2179
35 2179
36 2179
37 2179
38 2179
39 2179
40 2179
41 2179
42 2179
43 2179
44 2179
45 2179
46 2179
47 2179
48 2179
49 2179
2178 2179
2177 2179
2176 2179
2175 2179
2174 2179
2173 2179
2172 2179
2171 2179
2170 2179
2169 2179
2168 2179
2167 2179
2166 2179
2165 2179
2164 2179
2163 2179
2162 2179
2161 2179
2160 2179
2159 2179
2158 2179
2157 2179
2156 2179
2155 2179
2154 2179
2153 2179
2152 2179
2151 2179
2150 2179
2149 2179
2148 2179
2147 2179
2146 2179
2145 2179
2144 2179
2143 2179
2142 2179
2141 2179
2140 2179
2139 2179
2138 2179
2137 2179
2136 2179
2135 2179
2134 2179
2133 2179
2132 2179
2131 2179
2130 2179
2129 2179
