100
0 2131
1 2131
2 2131
3 2131
4 2131
5 2131
6 2131
7 2131
8 2131
9 2131
10 2131
11 2131
12 2131
13 2131
14 2131
15 2131
16 2131
17 2131
18 2131
19 2131
20 2131
21 2131
22 2131
23 2131
24 2131
25 2131
26 2131
27 2131
28 2131
29 2131
30 2131
31 2131
32 2131
33 2131
34 2131
35 2131
36 2131
37 2131
38 2131
39 2131
40 2131
41 2131
42 2131
43 2131
44 2131
45 2131
46 2131
47 2131
48 2131
49 2131
2130 2131
2129 2131
2128 2131
2127 2131
2126 2131
2125 2131
2124 2131
2123 2131
2122 2131
2121 2131
2120 2131
2119 2131
2118 2131
2117 2131
2116 2131
2115 2131
2114 2131
2113 2131
2112 2131
2111 2131
2110 2131
2109 2131
2108 2131
2107 2131
2106 2131
2105 2131
2104 2131
2103 2131
2102 2131
2101 2131
2100 2131
2099 2131
2098 2131
2097 2131
2096 2131
2095 2131
2094 2131
2093 2131
2092 2131
2091 2131
2090 2131
2089 2131
2088 2131
2087 2131
2086 2131
2085 2131
2084 2131
2083 2131
2082 2131
2081 2131
