100
0 2269
1 2269
2 2269
3 2269
4 2269
5 2269
6 2269
7 2269
8 2269
9 2269
10 2269
11 2269
12 2269
13 2269
14 2269
15 2269
16 2269
17 2269
18 2269
19 2269
20 2269
21 2269
22 2269
23 2269
24 2269
25 2269
26 2269
27 2269
28 2269
29 2269
30 2269
31 2269
32 2269
33 2269
34 2269
35 2269
36 2269
37 2269
38 2269
39 2269
40 2269
41 2269
42 2269
43 2269
44 2269
45 2269
46 2269
47 2269
48 2269
49 2269
2268 2269
2267 2269
2266 2269
2265 2269
2264 2269
2263 2269
2262 2269
2261 2269
2260 2269
2259 2269
2258 2269
2257 2269
2256 2269
2255 2269
2254 2269
2253 2269
2252 2269
2251 2269
2250 2269
2249 2269
2248 2269
2247 2269
2246 2269
2245 2269
2244 2269
2243 2269
2242 2269
2241 2269
2240 2269
2239 2269
2238 2269
2237 2269
2236 2269
2235 2269
2234 2269
2233 2269
2232 2269
2231 2269
2230 2269
2229 2269
2228 2269
2227 2269
2226 2269
2225 2269
2224 2269
2223 2269
2222 2269
2221 2269
2220 2269
2219 2269
