100
0 2141
1 2141
2 2141
3 2141
4 2141
5 2141
6 2141
7 2141
8 2141
9 2141
10 2141
11 2141
12 2141
13 2141
14 2141
15 2141
16 2141
17 2141
18 2141
19 2141
20 2141
21 2141
22 2141
23 2141
24 2141
25 2141
26 2141
27 2141
28 2141
29 2141
30 2141
31 2141
32 2141
33 2141
34 2141
35 2141
36 2141
37 2141
38 2141
39 2141
40 2141
41 2141
42 2141
43 2141
44 2141
45 2141
46 2141
47 2141
48 2141
49 2141
2140 2141
2139 2141
2138 2141
2137 2141
2136 2141
2135 2141
2134 2141
2133 2141
2132 2141
2131 2141
2130 2141
2129 2141
2128 2141
2127 2141
2126 2141
2125 2141
2124 2141
2123 2141
2122 2141
2121 2141
2120 2141
2119 2141
2118 2141
2117 2141
2116 2141
2115 2141
2114 2141
2113 2141
2112 2141
2111 2141
2110 2141
2109 2141
2108 2141
2107 2141
2106 2141
2105 2141
2104 2141
2103 2141
2102 2141
2101 2141
2100 2141
2099 2141
2098 2141
2097 2141
2096 2141
2095 2141
2094 2141
2093 2141
2092 2141
2091 2141
