100
0 2221
1 2221
2 2221
3 2221
4 2221
5 2221
6 2221
7 2221
8 2221
9 2221
10 2221
11 2221
12 2221
13 2221
14 2221
15 2221
16 2221
17 2221
18 2221
19 2221
20 2221
21 2221
22 2221
23 2221
24 2221
25 2221
26 2221
27 2221
28 2221
29 2221
30 2221
31 2221
32 2221
33 2221
34 2221
35 2221
36 2221
37 2221
38 2221
39 2221
40 2221
41 2221
42 2221
43 2221
44 2221
45 2221
46 2221
47 2221
48 2221
49 2221
2220 2221
2219 2221
2218 2221
2217 2221
2216 2221
2215 2221
2214 2221
2213 2221
2212 2221
2211 2221
2210 2221
2209 2221
2208 2221
2207 2221
2206 2221
2205 2221
2204 2221
2203 2221
2202 2221
2201 2221
2200 2221
2199 2221
2198 2221
2197 2221
2196 2221
2195 2221
2194 2221
2193 2221
2192 2221
2191 2221
2190 2221
2189 2221
2188 2221
2187 2221
2186 2221
2185 2221
2184 2221
2183 2221
2182 2221
2181 2221
2180 2221
2179 2221
2178 2221
2177 2221
2176 2221
2175 2221
2174 2221
2173 2221
2172 2221
2171 2221
