100
0 2309
1 2309
2 2309
3 2309
4 2309
5 2309
6 2309
7 2309
8 2309
9 2309
10 2309
11 2309
12 2309
13 2309
14 2309
15 2309
16 2309
17 2309
18 2309
19 2309
20 2309
21 2309
22 2309
23 2309
24 2309
25 2309
26 2309
27 2309
28 2309
29 2309
30 2309
31 2309
32 2309
33 2309
34 2309
35 2309
36 2309
37 2309
38 2309
39 2309
40 2309
41 2309
42 2309
43 2309
44 2309
45 2309
46 2309
47 2309
48 2309
49 2309
2308 2309
2307 2309
2306 2309
2305 2309
2304 2309
2303 2309
2302 2309
2301 2309
2300 2309
2299 2309
2298 2309
2297 2309
2296 2309
2295 2309
2294 2309
2293 2309
2292 2309
2291 2309
2290 2309
2289 2309
2288 2309
2287 2309
2286 2309
2285 2309
2284 2309
2283 2309
2282 2309
2281 2309
2280 2309
2279 2309
2278 2309
2277 2309
2276 2309
2275 2309
2274 2309
2273 2309
2272 2309
2271 2309
2270 2309
2269 2309
2268 2309
2267 2309
2266 2309
2265 2309
2264 2309
2263 2309
2262 2309
2261 2309
2260 2309
2259 2309
