100
0 2399
1 2399
2 2399
3 2399
4 2399
5 2399
6 2399
7 2399
8 2399
9 2399
10 2399
11 2399
12 2399
13 2399
14 2399
15 2399
16 2399
17 2399
18 2399
19 2399
20 2399
21 2399
22 2399
23 2399
24 2399
25 2399
26 2399
27 2399
28 2399
29 2399
30 2399
31 2399
32 2399
33 2399
34 2399
35 2399
36 2399
37 2399
38 2399
39 2399
40 2399
41 2399
42 2399
43 2399
44 2399
45 2399
46 2399
47 2399
48 2399
49 2399
2398 2399
2397 2399
2396 2399
2395 2399
2394 2399
2393 2399
2392 2399
2391 2399
2390 2399
2389 2399
2388 2399
2387 2399
2386 2399
2385 2399
2384 2399
2383 2399
2382 2399
2381 2399
2380 2399
2379 2399
2378 2399
2377 2399
2376 2399
2375 2399
2374 2399
2373 2399
2372 2399
2371 2399
2370 2399
2369 2399
2368 2399
2367 2399
2366 2399
2365 2399
2364 2399
2363 2399
2362 2399
2361 2399
2360 2399
2359 2399
2358 2399
2357 2399
2356 2399
2355 2399
2354 2399
2353 2399
2352 2399
2351 2399
2350 2399
2349 2399
