100
0 2311
1 2311
2 2311
3 2311
4 2311
5 2311
6 2311
7 2311
8 2311
9 2311
10 2311
11 2311
12 2311
13 2311
14 2311
15 2311
16 2311
17 2311
18 2311
19 2311
20 2311
21 2311
22 2311
23 2311
24 2311
25 2311
26 2311
27 2311
28 2311
29 2311
30 2311
31 2311
32 2311
33 2311
34 2311
35 2311
36 2311
37 2311
38 2311
39 2311
40 2311
41 2311
42 2311
43 2311
44 2311
45 2311
46 2311
47 2311
48 2311
49 2311
2310 2311
2309 2311
2308 2311
2307 2311
2306 2311
2305 2311
2304 2311
2303 2311
2302 2311
2301 2311
2300 2311
2299 2311
2298 2311
2297 2311
2296 2311
2295 2311
2294 2311
2293 2311
2292 2311
2291 2311
2290 2311
2289 2311
2288 2311
2287 2311
2286 2311
2285 2311
2284 2311
2283 2311
2282 2311
2281 2311
2280 2311
2279 2311
2278 2311
2277 2311
2276 2311
2275 2311
2274 2311
2273 2311
2272 2311
2271 2311
2270 2311
2269 2311
2268 2311
2267 2311
2266 2311
2265 2311
2264 2311
2263 2311
2262 2311
2261 2311
