100
0 2341
1 2341
2 2341
3 2341
4 2341
5 2341
6 2341
7 2341
8 2341
9 2341
10 2341
11 2341
12 2341
13 2341
14 2341
15 2341
16 2341
17 2341
18 2341
19 2341
20 2341
21 2341
22 2341
23 2341
24 2341
25 2341
26 2341
27 2341
28 2341
29 2341
30 2341
31 2341
32 2341
33 2341
34 2341
35 2341
36 2341
37 2341
38 2341
39 2341
40 2341
41 2341
42 2341
43 2341
44 2341
45 2341
46 2341
47 2341
48 2341
49 2341
2340 2341
2339 2341
2338 2341
2337 2341
2336 2341
2335 2341
2334 2341
2333 2341
2332 2341
2331 2341
2330 2341
2329 2341
2328 2341
2327 2341
2326 2341
2325 2341
2324 2341
2323 2341
2322 2341
2321 2341
2320 2341
2319 2341
2318 2341
2317 2341
2316 2341
2315 2341
2314 2341
2313 2341
2312 2341
2311 2341
2310 2341
2309 2341
2308 2341
2307 2341
2306 2341
2305 2341
2304 2341
2303 2341
2302 2341
2301 2341
2300 2341
2299 2341
2298 2341
2297 2341
2296 2341
2295 2341
2294 2341
2293 2341
2292 2341
2291 2341
