100
0 2381
1 2381
2 2381
3 2381
4 2381
5 2381
6 2381
7 2381
8 2381
9 2381
10 2381
11 2381
12 2381
13 2381
14 2381
15 2381
16 2381
17 2381
18 2381
19 2381
20 2381
21 2381
22 2381
23 2381
24 2381
25 2381
26 2381
27 2381
28 2381
29 2381
30 2381
31 2381
32 2381
33 2381
34 2381
35 2381
36 2381
37 2381
38 2381
39 2381
40 2381
41 2381
42 2381
43 2381
44 2381
45 2381
46 2381
47 2381
48 2381
49 2381
2380 2381
2379 2381
2378 2381
2377 2381
2376 2381
2375 2381
2374 2381
2373 2381
2372 2381
2371 2381
2370 2381
2369 2381
2368 2381
2367 2381
2366 2381
2365 2381
2364 2381
2363 2381
2362 2381
2361 2381
2360 2381
2359 2381
2358 2381
2357 2381
2356 2381
2355 2381
2354 2381
2353 2381
2352 2381
2351 2381
2350 2381
2349 2381
2348 2381
2347 2381
2346 2381
2345 2381
2344 2381
2343 2381
2342 2381
2341 2381
2340 2381
2339 2381
2338 2381
2337 2381
2336 2381
2335 2381
2334 2381
2333 2381
2332 2381
2331 2381
