100
0 2351
1 2351
2 2351
3 2351
4 2351
5 2351
6 2351
7 2351
8 2351
9 2351
10 2351
11 2351
12 2351
13 2351
14 2351
15 2351
16 2351
17 2351
18 2351
19 2351
20 2351
21 2351
22 2351
23 2351
24 2351
25 2351
26 2351
27 2351
28 2351
29 2351
30 2351
31 2351
32 2351
33 2351
34 2351
35 2351
36 2351
37 2351
38 2351
39 2351
40 2351
41 2351
42 2351
43 2351
44 2351
45 2351
46 2351
47 2351
48 2351
49 2351
2350 2351
2349 2351
2348 2351
2347 2351
2346 2351
2345 2351
2344 2351
2343 2351
2342 2351
2341 2351
2340 2351
2339 2351
2338 2351
2337 2351
2336 2351
2335 2351
2334 2351
2333 2351
2332 2351
2331 2351
2330 2351
2329 2351
2328 2351
2327 2351
2326 2351
2325 2351
2324 2351
2323 2351
2322 2351
2321 2351
2320 2351
2319 2351
2318 2351
2317 2351
2316 2351
2315 2351
2314 2351
2313 2351
2312 2351
2311 2351
2310 2351
2309 2351
2308 2351
2307 2351
2306 2351
2305 2351
2304 2351
2303 2351
2302 2351
2301 2351
