100
0 2411
1 2411
2 2411
3 2411
4 2411
5 2411
6 2411
7 2411
8 2411
9 2411
10 2411
11 2411
12 2411
13 2411
14 2411
15 2411
16 2411
17 2411
18 2411
19 2411
20 2411
21 2411
22 2411
23 2411
24 2411
25 2411
26 2411
27 2411
28 2411
29 2411
30 2411
31 2411
32 2411
33 2411
34 2411
35 2411
36 2411
37 2411
38 2411
39 2411
40 2411
41 2411
42 2411
43 2411
44 2411
45 2411
46 2411
47 2411
48 2411
49 2411
2410 2411
2409 2411
2408 2411
2407 2411
2406 2411
2405 2411
2404 2411
2403 2411
2402 2411
2401 2411
2400 2411
2399 2411
2398 2411
2397 2411
2396 2411
2395 2411
2394 2411
2393 2411
2392 2411
2391 2411
2390 2411
2389 2411
2388 2411
2387 2411
2386 2411
2385 2411
2384 2411
2383 2411
2382 2411
2381 2411
2380 2411
2379 2411
2378 2411
2377 2411
2376 2411
2375 2411
2374 2411
2373 2411
2372 2411
2371 2411
2370 2411
2369 2411
2368 2411
2367 2411
2366 2411
2365 2411
2364 2411
2363 2411
2362 2411
2361 2411
