100
0 2339
1 2339
2 2339
3 2339
4 2339
5 2339
6 2339
7 2339
8 2339
9 2339
10 2339
11 2339
12 2339
13 2339
14 2339
15 2339
16 2339
17 2339
18 2339
19 2339
20 2339
21 2339
22 2339
23 2339
24 2339
25 2339
26 2339
27 2339
28 2339
29 2339
30 2339
31 2339
32 2339
33 2339
34 2339
35 2339
36 2339
37 2339
38 2339
39 2339
40 2339
41 2339
42 2339
43 2339
44 2339
45 2339
46 2339
47 2339
48 2339
49 2339
2338 2339
2337 2339
2336 2339
2335 2339
2334 2339
2333 2339
2332 2339
2331 2339
2330 2339
2329 2339
2328 2339
2327 2339
2326 2339
2325 2339
2324 2339
2323 2339
2322 2339
2321 2339
2320 2339
2319 2339
2318 2339
2317 2339
2316 2339
2315 2339
2314 2339
2313 2339
2312 2339
2311 2339
2310 2339
2309 2339
2308 2339
2307 2339
2306 2339
2305 2339
2304 2339
2303 2339
2302 2339
2301 2339
2300 2339
2299 2339
2298 2339
2297 2339
2296 2339
2295 2339
2294 2339
2293 2339
2292 2339
2291 2339
2290 2339
2289 2339
