100
0 2371
1 2371
2 2371
3 2371
4 2371
5 2371
6 2371
7 2371
8 2371
9 2371
10 2371
11 2371
12 2371
13 2371
14 2371
15 2371
16 2371
17 2371
18 2371
19 2371
20 2371
21 2371
22 2371
23 2371
24 2371
25 2371
26 2371
27 2371
28 2371
29 2371
30 2371
31 2371
32 2371
33 2371
34 2371
35 2371
36 2371
37 2371
38 2371
39 2371
40 2371
41 2371
42 2371
43 2371
44 2371
45 2371
46 2371
47 2371
48 2371
49 2371
2370 2371
2369 2371
2368 2371
2367 2371
2366 2371
2365 2371
2364 2371
2363 2371
2362 2371
2361 2371
2360 2371
2359 2371
2358 2371
2357 2371
2356 2371
2355 2371
2354 2371
2353 2371
2352 2371
2351 2371
2350 2371
2349 2371
2348 2371
2347 2371
2346 2371
2345 2371
2344 2371
2343 2371
2342 2371
2341 2371
2340 2371
2339 2371
2338 2371
2337 2371
2336 2371
2335 2371
2334 2371
2333 2371
2332 2371
2331 2371
2330 2371
2329 2371
2328 2371
2327 2371
2326 2371
2325 2371
2324 2371
2323 2371
2322 2371
2321 2371
