100
0 2389
1 2389
2 2389
3 2389
4 2389
5 2389
6 2389
7 2389
8 2389
9 2389
10 2389
11 2389
12 2389
13 2389
14 2389
15 2389
16 2389
17 2389
18 2389
19 2389
20 2389
21 2389
22 2389
23 2389
24 2389
25 2389
26 2389
27 2389
28 2389
29 2389
30 2389
31 2389
32 2389
33 2389
34 2389
35 2389
36 2389
37 2389
38 2389
39 2389
40 2389
41 2389
42 2389
43 2389
44 2389
45 2389
46 2389
47 2389
48 2389
49 2389
2388 2389
2387 2389
2386 2389
2385 2389
2384 2389
2383 2389
2382 2389
2381 2389
2380 2389
2379 2389
2378 2389
2377 2389
2376 2389
2375 2389
2374 2389
2373 2389
2372 2389
2371 2389
2370 2389
2369 2389
2368 2389
2367 2389
2366 2389
2365 2389
2364 2389
2363 2389
2362 2389
2361 2389
2360 2389
2359 2389
2358 2389
2357 2389
2356 2389
2355 2389
2354 2389
2353 2389
2352 2389
2351 2389
2350 2389
2349 2389
2348 2389
2347 2389
2346 2389
2345 2389
2344 2389
2343 2389
2342 2389
2341 2389
2340 2389
2339 2389
