100
0 2441
1 2441
2 2441
3 2441
4 2441
5 2441
6 2441
7 2441
8 2441
9 2441
10 2441
11 2441
12 2441
13 2441
14 2441
15 2441
16 2441
17 2441
18 2441
19 2441
20 2441
21 2441
22 2441
23 2441
24 2441
25 2441
26 2441
27 2441
28 2441
29 2441
30 2441
31 2441
32 2441
33 2441
34 2441
35 2441
36 2441
37 2441
38 2441
39 2441
40 2441
41 2441
42 2441
43 2441
44 2441
45 2441
46 2441
47 2441
48 2441
49 2441
2440 2441
2439 2441
2438 2441
2437 2441
2436 2441
2435 2441
2434 2441
2433 2441
2432 2441
2431 2441
2430 2441
2429 2441
2428 2441
2427 2441
2426 2441
2425 2441
2424 2441
2423 2441
2422 2441
2421 2441
2420 2441
2419 2441
2418 2441
2417 2441
2416 2441
2415 2441
2414 2441
2413 2441
2412 2441
2411 2441
2410 2441
2409 2441
2408 2441
2407 2441
2406 2441
2405 2441
2404 2441
2403 2441
2402 2441
2401 2441
2400 2441
2399 2441
2398 2441
2397 2441
2396 2441
2395 2441
2394 2441
2393 2441
2392 2441
2391 2441
