100
0 2531
1 2531
2 2531
3 2531
4 2531
5 2531
6 2531
7 2531
8 2531
9 2531
10 2531
11 2531
12 2531
13 2531
14 2531
15 2531
16 2531
17 2531
18 2531
19 2531
20 2531
21 2531
22 2531
23 2531
24 2531
25 2531
26 2531
27 2531
28 2531
29 2531
30 2531
31 2531
32 2531
33 2531
34 2531
35 2531
36 2531
37 2531
38 2531
39 2531
40 2531
41 2531
42 2531
43 2531
44 2531
45 2531
46 2531
47 2531
48 2531
49 2531
2530 2531
2529 2531
2528 2531
2527 2531
2526 2531
2525 2531
2524 2531
2523 2531
2522 2531
2521 2531
2520 2531
2519 2531
2518 2531
2517 2531
2516 2531
2515 2531
2514 2531
2513 2531
2512 2531
2511 2531
2510 2531
2509 2531
2508 2531
2507 2531
2506 2531
2505 2531
2504 2531
2503 2531
2502 2531
2501 2531
2500 2531
2499 2531
2498 2531
2497 2531
2496 2531
2495 2531
2494 2531
2493 2531
2492 2531
2491 2531
2490 2531
2489 2531
2488 2531
2487 2531
2486 2531
2485 2531
2484 2531
2483 2531
2482 2531
2481 2531
