100
0 2579
1 2579
2 2579
3 2579
4 2579
5 2579
6 2579
7 2579
8 2579
9 2579
10 2579
11 2579
12 2579
13 2579
14 2579
15 2579
16 2579
17 2579
18 2579
19 2579
20 2579
21 2579
22 2579
23 2579
24 2579
25 2579
26 2579
27 2579
28 2579
29 2579
30 2579
31 2579
32 2579
33 2579
34 2579
35 2579
36 2579
37 2579
38 2579
39 2579
40 2579
41 2579
42 2579
43 2579
44 2579
45 2579
46 2579
47 2579
48 2579
49 2579
2578 2579
2577 2579
2576 2579
2575 2579
2574 2579
2573 2579
2572 2579
2571 2579
2570 2579
2569 2579
2568 2579
2567 2579
2566 2579
2565 2579
2564 2579
2563 2579
2562 2579
2561 2579
2560 2579
2559 2579
2558 2579
2557 2579
2556 2579
2555 2579
2554 2579
2553 2579
2552 2579
2551 2579
2550 2579
2549 2579
2548 2579
2547 2579
2546 2579
2545 2579
2544 2579
2543 2579
2542 2579
2541 2579
2540 2579
2539 2579
2538 2579
2537 2579
2536 2579
2535 2579
2534 2579
2533 2579
2532 2579
2531 2579
2530 2579
2529 2579
