100
0 2609
1 2609
2 2609
3 2609
4 2609
5 2609
6 2609
7 2609
8 2609
9 2609
10 2609
11 2609
12 2609
13 2609
14 2609
15 2609
16 2609
17 2609
18 2609
19 2609
20 2609
21 2609
22 2609
23 2609
24 2609
25 2609
26 2609
27 2609
28 2609
29 2609
30 2609
31 2609
32 2609
33 2609
34 2609
35 2609
36 2609
37 2609
38 2609
39 2609
40 2609
41 2609
42 2609
43 2609
44 2609
45 2609
46 2609
47 2609
48 2609
49 2609
2608 2609
2607 2609
2606 2609
2605 2609
2604 2609
2603 2609
2602 2609
2601 2609
2600 2609
2599 2609
2598 2609
2597 2609
2596 2609
2595 2609
2594 2609
2593 2609
2592 2609
2591 2609
2590 2609
2589 2609
2588 2609
2587 2609
2586 2609
2585 2609
2584 2609
2583 2609
2582 2609
2581 2609
2580 2609
2579 2609
2578 2609
2577 2609
2576 2609
2575 2609
2574 2609
2573 2609
2572 2609
2571 2609
2570 2609
2569 2609
2568 2609
2567 2609
2566 2609
2565 2609
2564 2609
2563 2609
2562 2609
2561 2609
2560 2609
2559 2609
