100
0 2459
1 2459
2 2459
3 2459
4 2459
5 2459
6 2459
7 2459
8 2459
9 2459
10 2459
11 2459
12 2459
13 2459
14 2459
15 2459
16 2459
17 2459
18 2459
19 2459
20 2459
21 2459
22 2459
23 2459
24 2459
25 2459
26 2459
27 2459
28 2459
29 2459
30 2459
31 2459
32 2459
33 2459
34 2459
35 2459
36 2459
37 2459
38 2459
39 2459
40 2459
41 2459
42 2459
43 2459
44 2459
45 2459
46 2459
47 2459
48 2459
49 2459
2458 2459
2457 2459
2456 2459
2455 2459
2454 2459
2453 2459
2452 2459
2451 2459
2450 2459
2449 2459
2448 2459
2447 2459
2446 2459
2445 2459
2444 2459
2443 2459
2442 2459
2441 2459
2440 2459
2439 2459
2438 2459
2437 2459
2436 2459
2435 2459
2434 2459
2433 2459
2432 2459
2431 2459
2430 2459
2429 2459
2428 2459
2427 2459
2426 2459
2425 2459
2424 2459
2423 2459
2422 2459
2421 2459
2420 2459
2419 2459
2418 2459
2417 2459
2416 2459
2415 2459
2414 2459
2413 2459
2412 2459
2411 2459
2410 2459
2409 2459
