100
0 2539
1 2539
2 2539
3 2539
4 2539
5 2539
6 2539
7 2539
8 2539
9 2539
10 2539
11 2539
12 2539
13 2539
14 2539
15 2539
16 2539
17 2539
18 2539
19 2539
20 2539
21 2539
22 2539
23 2539
24 2539
25 2539
26 2539
27 2539
28 2539
29 2539
30 2539
31 2539
32 2539
33 2539
34 2539
35 2539
36 2539
37 2539
38 2539
39 2539
40 2539
41 2539
42 2539
43 2539
44 2539
45 2539
46 2539
47 2539
48 2539
49 2539
2538 2539
2537 2539
2536 2539
2535 2539
2534 2539
2533 2539
2532 2539
2531 2539
2530 2539
2529 2539
2528 2539
2527 2539
2526 2539
2525 2539
2524 2539
2523 2539
2522 2539
2521 2539
2520 2539
2519 2539
2518 2539
2517 2539
2516 2539
2515 2539
2514 2539
2513 2539
2512 2539
2511 2539
2510 2539
2509 2539
2508 2539
2507 2539
2506 2539
2505 2539
2504 2539
2503 2539
2502 2539
2501 2539
2500 2539
2499 2539
2498 2539
2497 2539
2496 2539
2495 2539
2494 2539
2493 2539
2492 2539
2491 2539
2490 2539
2489 2539
