100
0 2591
1 2591
2 2591
3 2591
4 2591
5 2591
6 2591
7 2591
8 2591
9 2591
10 2591
11 2591
12 2591
13 2591
14 2591
15 2591
16 2591
17 2591
18 2591
19 2591
20 2591
21 2591
22 2591
23 2591
24 2591
25 2591
26 2591
27 2591
28 2591
29 2591
30 2591
31 2591
32 2591
33 2591
34 2591
35 2591
36 2591
37 2591
38 2591
39 2591
40 2591
41 2591
42 2591
43 2591
44 2591
45 2591
46 2591
47 2591
48 2591
49 2591
2590 2591
2589 2591
2588 2591
2587 2591
2586 2591
2585 2591
2584 2591
2583 2591
2582 2591
2581 2591
2580 2591
2579 2591
2578 2591
2577 2591
2576 2591
2575 2591
2574 2591
2573 2591
2572 2591
2571 2591
2570 2591
2569 2591
2568 2591
2567 2591
2566 2591
2565 2591
2564 2591
2563 2591
2562 2591
2561 2591
2560 2591
2559 2591
2558 2591
2557 2591
2556 2591
2555 2591
2554 2591
2553 2591
2552 2591
2551 2591
2550 2591
2549 2591
2548 2591
2547 2591
2546 2591
2545 2591
2544 2591
2543 2591
2542 2591
2541 2591
