100
0 131
1 131
2 131
3 131
4 131
5 131
6 131
7 131
8 131
9 131
10 131
11 131
12 131
13 131
14 131
15 131
16 131
17 131
18 131
19 131
20 131
21 131
22 131
23 131
24 131
25 131
26 131
27 131
28 131
29 131
30 131
31 131
32 131
33 131
34 131
35 131
36 131
37 131
38 131
39 131
40 131
41 131
42 131
43 131
44 131
45 131
46 131
47 131
48 131
49 131
130 131
129 131
128 131
127 131
126 131
125 131
124 131
123 131
122 131
121 131
120 131
119 131
118 131
117 131
116 131
115 131
114 131
113 131
112 131
111 131
110 131
109 131
108 131
107 131
106 131
105 131
104 131
103 131
102 131
101 131
100 131
99 131
98 131
97 131
96 131
95 131
94 131
93 131
92 131
91 131
90 131
89 131
88 131
87 131
86 131
85 131
84 131
83 131
82 131
81 131
