100
0 2551
1 2551
2 2551
3 2551
4 2551
5 2551
6 2551
7 2551
8 2551
9 2551
10 2551
11 2551
12 2551
13 2551
14 2551
15 2551
16 2551
17 2551
18 2551
19 2551
20 2551
21 2551
22 2551
23 2551
24 2551
25 2551
26 2551
27 2551
28 2551
29 2551
30 2551
31 2551
32 2551
33 2551
34 2551
35 2551
36 2551
37 2551
38 2551
39 2551
40 2551
41 2551
42 2551
43 2551
44 2551
45 2551
46 2551
47 2551
48 2551
49 2551
2550 2551
2549 2551
2548 2551
2547 2551
2546 2551
2545 2551
2544 2551
2543 2551
2542 2551
2541 2551
2540 2551
2539 2551
2538 2551
2537 2551
2536 2551
2535 2551
2534 2551
2533 2551
2532 2551
2531 2551
2530 2551
2529 2551
2528 2551
2527 2551
2526 2551
2525 2551
2524 2551
2523 2551
2522 2551
2521 2551
2520 2551
2519 2551
2518 2551
2517 2551
2516 2551
2515 2551
2514 2551
2513 2551
2512 2551
2511 2551
2510 2551
2509 2551
2508 2551
2507 2551
2506 2551
2505 2551
2504 2551
2503 2551
2502 2551
2501 2551
