100
0 2521
1 2521
2 2521
3 2521
4 2521
5 2521
6 2521
7 2521
8 2521
9 2521
10 2521
11 2521
12 2521
13 2521
14 2521
15 2521
16 2521
17 2521
18 2521
19 2521
20 2521
21 2521
22 2521
23 2521
24 2521
25 2521
26 2521
27 2521
28 2521
29 2521
30 2521
31 2521
32 2521
33 2521
34 2521
35 2521
36 2521
37 2521
38 2521
39 2521
40 2521
41 2521
42 2521
43 2521
44 2521
45 2521
46 2521
47 2521
48 2521
49 2521
2520 2521
2519 2521
2518 2521
2517 2521
2516 2521
2515 2521
2514 2521
2513 2521
2512 2521
2511 2521
2510 2521
2509 2521
2508 2521
2507 2521
2506 2521
2505 2521
2504 2521
2503 2521
2502 2521
2501 2521
2500 2521
2499 2521
2498 2521
2497 2521
2496 2521
2495 2521
2494 2521
2493 2521
2492 2521
2491 2521
2490 2521
2489 2521
2488 2521
2487 2521
2486 2521
2485 2521
2484 2521
2483 2521
2482 2521
2481 2521
2480 2521
2479 2521
2478 2521
2477 2521
2476 2521
2475 2521
2474 2521
2473 2521
2472 2521
2471 2521
