100
0 2549
1 2549
2 2549
3 2549
4 2549
5 2549
6 2549
7 2549
8 2549
9 2549
10 2549
11 2549
12 2549
13 2549
14 2549
15 2549
16 2549
17 2549
18 2549
19 2549
20 2549
21 2549
22 2549
23 2549
24 2549
25 2549
26 2549
27 2549
28 2549
29 2549
30 2549
31 2549
32 2549
33 2549
34 2549
35 2549
36 2549
37 2549
38 2549
39 2549
40 2549
41 2549
42 2549
43 2549
44 2549
45 2549
46 2549
47 2549
48 2549
49 2549
2548 2549
2547 2549
2546 2549
2545 2549
2544 2549
2543 2549
2542 2549
2541 2549
2540 2549
2539 2549
2538 2549
2537 2549
2536 2549
2535 2549
2534 2549
2533 2549
2532 2549
2531 2549
2530 2549
2529 2549
2528 2549
2527 2549
2526 2549
2525 2549
2524 2549
2523 2549
2522 2549
2521 2549
2520 2549
2519 2549
2518 2549
2517 2549
2516 2549
2515 2549
2514 2549
2513 2549
2512 2549
2511 2549
2510 2549
2509 2549
2508 2549
2507 2549
2506 2549
2505 2549
2504 2549
2503 2549
2502 2549
2501 2549
2500 2549
2499 2549
