100
0 2689
1 2689
2 2689
3 2689
4 2689
5 2689
6 2689
7 2689
8 2689
9 2689
10 2689
11 2689
12 2689
13 2689
14 2689
15 2689
16 2689
17 2689
18 2689
19 2689
20 2689
21 2689
22 2689
23 2689
24 2689
25 2689
26 2689
27 2689
28 2689
29 2689
30 2689
31 2689
32 2689
33 2689
34 2689
35 2689
36 2689
37 2689
38 2689
39 2689
40 2689
41 2689
42 2689
43 2689
44 2689
45 2689
46 2689
47 2689
48 2689
49 2689
2688 2689
2687 2689
2686 2689
2685 2689
2684 2689
2683 2689
2682 2689
2681 2689
2680 2689
2679 2689
2678 2689
2677 2689
2676 2689
2675 2689
2674 2689
2673 2689
2672 2689
2671 2689
2670 2689
2669 2689
2668 2689
2667 2689
2666 2689
2665 2689
2664 2689
2663 2689
2662 2689
2661 2689
2660 2689
2659 2689
2658 2689
2657 2689
2656 2689
2655 2689
2654 2689
2653 2689
2652 2689
2651 2689
2650 2689
2649 2689
2648 2689
2647 2689
2646 2689
2645 2689
2644 2689
2643 2689
2642 2689
2641 2689
2640 2689
2639 2689
