100
0 2741
1 2741
2 2741
3 2741
4 2741
5 2741
6 2741
7 2741
8 2741
9 2741
10 2741
11 2741
12 2741
13 2741
14 2741
15 2741
16 2741
17 2741
18 2741
19 2741
20 2741
21 2741
22 2741
23 2741
24 2741
25 2741
26 2741
27 2741
28 2741
29 2741
30 2741
31 2741
32 2741
33 2741
34 2741
35 2741
36 2741
37 2741
38 2741
39 2741
40 2741
41 2741
42 2741
43 2741
44 2741
45 2741
46 2741
47 2741
48 2741
49 2741
2740 2741
2739 2741
2738 2741
2737 2741
2736 2741
2735 2741
2734 2741
2733 2741
2732 2741
2731 2741
2730 2741
2729 2741
2728 2741
2727 2741
2726 2741
2725 2741
2724 2741
2723 2741
2722 2741
2721 2741
2720 2741
2719 2741
2718 2741
2717 2741
2716 2741
2715 2741
2714 2741
2713 2741
2712 2741
2711 2741
2710 2741
2709 2741
2708 2741
2707 2741
2706 2741
2705 2741
2704 2741
2703 2741
2702 2741
2701 2741
2700 2741
2699 2741
2698 2741
2697 2741
2696 2741
2695 2741
2694 2741
2693 2741
2692 2741
2691 2741
