100
0 139
1 139
2 139
3 139
4 139
5 139
6 139
7 139
8 139
9 139
10 139
11 139
12 139
13 139
14 139
15 139
16 139
17 139
18 139
19 139
20 139
21 139
22 139
23 139
24 139
25 139
26 139
27 139
28 139
29 139
30 139
31 139
32 139
33 139
34 139
35 139
36 139
37 139
38 139
39 139
40 139
41 139
42 139
43 139
44 139
45 139
46 139
47 139
48 139
49 139
138 139
137 139
136 139
135 139
134 139
133 139
132 139
131 139
130 139
129 139
128 139
127 139
126 139
125 139
124 139
123 139
122 139
121 139
120 139
119 139
118 139
117 139
116 139
115 139
114 139
113 139
112 139
111 139
110 139
109 139
108 139
107 139
106 139
105 139
104 139
103 139
102 139
101 139
100 139
99 139
98 139
97 139
96 139
95 139
94 139
93 139
92 139
91 139
90 139
89 139
