100
0 2729
1 2729
2 2729
3 2729
4 2729
5 2729
6 2729
7 2729
8 2729
9 2729
10 2729
11 2729
12 2729
13 2729
14 2729
15 2729
16 2729
17 2729
18 2729
19 2729
20 2729
21 2729
22 2729
23 2729
24 2729
25 2729
26 2729
27 2729
28 2729
29 2729
30 2729
31 2729
32 2729
33 2729
34 2729
35 2729
36 2729
37 2729
38 2729
39 2729
40 2729
41 2729
42 2729
43 2729
44 2729
45 2729
46 2729
47 2729
48 2729
49 2729
2728 2729
2727 2729
2726 2729
2725 2729
2724 2729
2723 2729
2722 2729
2721 2729
2720 2729
2719 2729
2718 2729
2717 2729
2716 2729
2715 2729
2714 2729
2713 2729
2712 2729
2711 2729
2710 2729
2709 2729
2708 2729
2707 2729
2706 2729
2705 2729
2704 2729
2703 2729
2702 2729
2701 2729
2700 2729
2699 2729
2698 2729
2697 2729
2696 2729
2695 2729
2694 2729
2693 2729
2692 2729
2691 2729
2690 2729
2689 2729
2688 2729
2687 2729
2686 2729
2685 2729
2684 2729
2683 2729
2682 2729
2681 2729
2680 2729
2679 2729
