100
0 2731
1 2731
2 2731
3 2731
4 2731
5 2731
6 2731
7 2731
8 2731
9 2731
10 2731
11 2731
12 2731
13 2731
14 2731
15 2731
16 2731
17 2731
18 2731
19 2731
20 2731
21 2731
22 2731
23 2731
24 2731
25 2731
26 2731
27 2731
28 2731
29 2731
30 2731
31 2731
32 2731
33 2731
34 2731
35 2731
36 2731
37 2731
38 2731
39 2731
40 2731
41 2731
42 2731
43 2731
44 2731
45 2731
46 2731
47 2731
48 2731
49 2731
2730 2731
2729 2731
2728 2731
2727 2731
2726 2731
2725 2731
2724 2731
2723 2731
2722 2731
2721 2731
2720 2731
2719 2731
2718 2731
2717 2731
2716 2731
2715 2731
2714 2731
2713 2731
2712 2731
2711 2731
2710 2731
2709 2731
2708 2731
2707 2731
2706 2731
2705 2731
2704 2731
2703 2731
2702 2731
2701 2731
2700 2731
2699 2731
2698 2731
2697 2731
2696 2731
2695 2731
2694 2731
2693 2731
2692 2731
2691 2731
2690 2731
2689 2731
2688 2731
2687 2731
2686 2731
2685 2731
2684 2731
2683 2731
2682 2731
2681 2731
