100
0 2671
1 2671
2 2671
3 2671
4 2671
5 2671
6 2671
7 2671
8 2671
9 2671
10 2671
11 2671
12 2671
13 2671
14 2671
15 2671
16 2671
17 2671
18 2671
19 2671
20 2671
21 2671
22 2671
23 2671
24 2671
25 2671
26 2671
27 2671
28 2671
29 2671
30 2671
31 2671
32 2671
33 2671
34 2671
35 2671
36 2671
37 2671
38 2671
39 2671
40 2671
41 2671
42 2671
43 2671
44 2671
45 2671
46 2671
47 2671
48 2671
49 2671
2670 2671
2669 2671
2668 2671
2667 2671
2666 2671
2665 2671
2664 2671
2663 2671
2662 2671
2661 2671
2660 2671
2659 2671
2658 2671
2657 2671
2656 2671
2655 2671
2654 2671
2653 2671
2652 2671
2651 2671
2650 2671
2649 2671
2648 2671
2647 2671
2646 2671
2645 2671
2644 2671
2643 2671
2642 2671
2641 2671
2640 2671
2639 2671
2638 2671
2637 2671
2636 2671
2635 2671
2634 2671
2633 2671
2632 2671
2631 2671
2630 2671
2629 2671
2628 2671
2627 2671
2626 2671
2625 2671
2624 2671
2623 2671
2622 2671
2621 2671
