100
0 2719
1 2719
2 2719
3 2719
4 2719
5 2719
6 2719
7 2719
8 2719
9 2719
10 2719
11 2719
12 2719
13 2719
14 2719
15 2719
16 2719
17 2719
18 2719
19 2719
20 2719
21 2719
22 2719
23 2719
24 2719
25 2719
26 2719
27 2719
28 2719
29 2719
30 2719
31 2719
32 2719
33 2719
34 2719
35 2719
36 2719
37 2719
38 2719
39 2719
40 2719
41 2719
42 2719
43 2719
44 2719
45 2719
46 2719
47 2719
48 2719
49 2719
2718 2719
2717 2719
2716 2719
2715 2719
2714 2719
2713 2719
2712 2719
2711 2719
2710 2719
2709 2719
2708 2719
2707 2719
2706 2719
2705 2719
2704 2719
2703 2719
2702 2719
2701 2719
2700 2719
2699 2719
2698 2719
2697 2719
2696 2719
2695 2719
2694 2719
2693 2719
2692 2719
2691 2719
2690 2719
2689 2719
2688 2719
2687 2719
2686 2719
2685 2719
2684 2719
2683 2719
2682 2719
2681 2719
2680 2719
2679 2719
2678 2719
2677 2719
2676 2719
2675 2719
2674 2719
2673 2719
2672 2719
2671 2719
2670 2719
2669 2719
