100
0 2659
1 2659
2 2659
3 2659
4 2659
5 2659
6 2659
7 2659
8 2659
9 2659
10 2659
11 2659
12 2659
13 2659
14 2659
15 2659
16 2659
17 2659
18 2659
19 2659
20 2659
21 2659
22 2659
23 2659
24 2659
25 2659
26 2659
27 2659
28 2659
29 2659
30 2659
31 2659
32 2659
33 2659
34 2659
35 2659
36 2659
37 2659
38 2659
39 2659
40 2659
41 2659
42 2659
43 2659
44 2659
45 2659
46 2659
47 2659
48 2659
49 2659
2658 2659
2657 2659
2656 2659
2655 2659
2654 2659
2653 2659
2652 2659
2651 2659
2650 2659
2649 2659
2648 2659
2647 2659
2646 2659
2645 2659
2644 2659
2643 2659
2642 2659
2641 2659
2640 2659
2639 2659
2638 2659
2637 2659
2636 2659
2635 2659
2634 2659
2633 2659
2632 2659
2631 2659
2630 2659
2629 2659
2628 2659
2627 2659
2626 2659
2625 2659
2624 2659
2623 2659
2622 2659
2621 2659
2620 2659
2619 2659
2618 2659
2617 2659
2616 2659
2615 2659
2614 2659
2613 2659
2612 2659
2611 2659
2610 2659
2609 2659
