100
0 2711
1 2711
2 2711
3 2711
4 2711
5 2711
6 2711
7 2711
8 2711
9 2711
10 2711
11 2711
12 2711
13 2711
14 2711
15 2711
16 2711
17 2711
18 2711
19 2711
20 2711
21 2711
22 2711
23 2711
24 2711
25 2711
26 2711
27 2711
28 2711
29 2711
30 2711
31 2711
32 2711
33 2711
34 2711
35 2711
36 2711
37 2711
38 2711
39 2711
40 2711
41 2711
42 2711
43 2711
44 2711
45 2711
46 2711
47 2711
48 2711
49 2711
2710 2711
2709 2711
2708 2711
2707 2711
2706 2711
2705 2711
2704 2711
2703 2711
2702 2711
2701 2711
2700 2711
2699 2711
2698 2711
2697 2711
2696 2711
2695 2711
2694 2711
2693 2711
2692 2711
2691 2711
2690 2711
2689 2711
2688 2711
2687 2711
2686 2711
2685 2711
2684 2711
2683 2711
2682 2711
2681 2711
2680 2711
2679 2711
2678 2711
2677 2711
2676 2711
2675 2711
2674 2711
2673 2711
2672 2711
2671 2711
2670 2711
2669 2711
2668 2711
2667 2711
2666 2711
2665 2711
2664 2711
2663 2711
2662 2711
2661 2711
