100
0 2699
1 2699
2 2699
3 2699
4 2699
5 2699
6 2699
7 2699
8 2699
9 2699
10 2699
11 2699
12 2699
13 2699
14 2699
15 2699
16 2699
17 2699
18 2699
19 2699
20 2699
21 2699
22 2699
23 2699
24 2699
25 2699
26 2699
27 2699
28 2699
29 2699
30 2699
31 2699
32 2699
33 2699
34 2699
35 2699
36 2699
37 2699
38 2699
39 2699
40 2699
41 2699
42 2699
43 2699
44 2699
45 2699
46 2699
47 2699
48 2699
49 2699
2698 2699
2697 2699
2696 2699
2695 2699
2694 2699
2693 2699
2692 2699
2691 2699
2690 2699
2689 2699
2688 2699
2687 2699
2686 2699
2685 2699
2684 2699
2683 2699
2682 2699
2681 2699
2680 2699
2679 2699
2678 2699
2677 2699
2676 2699
2675 2699
2674 2699
2673 2699
2672 2699
2671 2699
2670 2699
2669 2699
2668 2699
2667 2699
2666 2699
2665 2699
2664 2699
2663 2699
2662 2699
2661 2699
2660 2699
2659 2699
2658 2699
2657 2699
2656 2699
2655 2699
2654 2699
2653 2699
2652 2699
2651 2699
2650 2699
2649 2699
