100
0 2621
1 2621
2 2621
3 2621
4 2621
5 2621
6 2621
7 2621
8 2621
9 2621
10 2621
11 2621
12 2621
13 2621
14 2621
15 2621
16 2621
17 2621
18 2621
19 2621
20 2621
21 2621
22 2621
23 2621
24 2621
25 2621
26 2621
27 2621
28 2621
29 2621
30 2621
31 2621
32 2621
33 2621
34 2621
35 2621
36 2621
37 2621
38 2621
39 2621
40 2621
41 2621
42 2621
43 2621
44 2621
45 2621
46 2621
47 2621
48 2621
49 2621
2620 2621
2619 2621
2618 2621
2617 2621
2616 2621
2615 2621
2614 2621
2613 2621
2612 2621
2611 2621
2610 2621
2609 2621
2608 2621
2607 2621
2606 2621
2605 2621
2604 2621
2603 2621
2602 2621
2601 2621
2600 2621
2599 2621
2598 2621
2597 2621
2596 2621
2595 2621
2594 2621
2593 2621
2592 2621
2591 2621
2590 2621
2589 2621
2588 2621
2587 2621
2586 2621
2585 2621
2584 2621
2583 2621
2582 2621
2581 2621
2580 2621
2579 2621
2578 2621
2577 2621
2576 2621
2575 2621
2574 2621
2573 2621
2572 2621
2571 2621
