100
0 2791
1 2791
2 2791
3 2791
4 2791
5 2791
6 2791
7 2791
8 2791
9 2791
10 2791
11 2791
12 2791
13 2791
14 2791
15 2791
16 2791
17 2791
18 2791
19 2791
20 2791
21 2791
22 2791
23 2791
24 2791
25 2791
26 2791
27 2791
28 2791
29 2791
30 2791
31 2791
32 2791
33 2791
34 2791
35 2791
36 2791
37 2791
38 2791
39 2791
40 2791
41 2791
42 2791
43 2791
44 2791
45 2791
46 2791
47 2791
48 2791
49 2791
2790 2791
2789 2791
2788 2791
2787 2791
2786 2791
2785 2791
2784 2791
2783 2791
2782 2791
2781 2791
2780 2791
2779 2791
2778 2791
2777 2791
2776 2791
2775 2791
2774 2791
2773 2791
2772 2791
2771 2791
2770 2791
2769 2791
2768 2791
2767 2791
2766 2791
2765 2791
2764 2791
2763 2791
2762 2791
2761 2791
2760 2791
2759 2791
2758 2791
2757 2791
2756 2791
2755 2791
2754 2791
2753 2791
2752 2791
2751 2791
2750 2791
2749 2791
2748 2791
2747 2791
2746 2791
2745 2791
2744 2791
2743 2791
2742 2791
2741 2791
