100
0 2851
1 2851
2 2851
3 2851
4 2851
5 2851
6 2851
7 2851
8 2851
9 2851
10 2851
11 2851
12 2851
13 2851
14 2851
15 2851
16 2851
17 2851
18 2851
19 2851
20 2851
21 2851
22 2851
23 2851
24 2851
25 2851
26 2851
27 2851
28 2851
29 2851
30 2851
31 2851
32 2851
33 2851
34 2851
35 2851
36 2851
37 2851
38 2851
39 2851
40 2851
41 2851
42 2851
43 2851
44 2851
45 2851
46 2851
47 2851
48 2851
49 2851
2850 2851
2849 2851
2848 2851
2847 2851
2846 2851
2845 2851
2844 2851
2843 2851
2842 2851
2841 2851
2840 2851
2839 2851
2838 2851
2837 2851
2836 2851
2835 2851
2834 2851
2833 2851
2832 2851
2831 2851
2830 2851
2829 2851
2828 2851
2827 2851
2826 2851
2825 2851
2824 2851
2823 2851
2822 2851
2821 2851
2820 2851
2819 2851
2818 2851
2817 2851
2816 2851
2815 2851
2814 2851
2813 2851
2812 2851
2811 2851
2810 2851
2809 2851
2808 2851
2807 2851
2806 2851
2805 2851
2804 2851
2803 2851
2802 2851
2801 2851
