100
0 2939
1 2939
2 2939
3 2939
4 2939
5 2939
6 2939
7 2939
8 2939
9 2939
10 2939
11 2939
12 2939
13 2939
14 2939
15 2939
16 2939
17 2939
18 2939
19 2939
20 2939
21 2939
22 2939
23 2939
24 2939
25 2939
26 2939
27 2939
28 2939
29 2939
30 2939
31 2939
32 2939
33 2939
34 2939
35 2939
36 2939
37 2939
38 2939
39 2939
40 2939
41 2939
42 2939
43 2939
44 2939
45 2939
46 2939
47 2939
48 2939
49 2939
2938 2939
2937 2939
2936 2939
2935 2939
2934 2939
2933 2939
2932 2939
2931 2939
2930 2939
2929 2939
2928 2939
2927 2939
2926 2939
2925 2939
2924 2939
2923 2939
2922 2939
2921 2939
2920 2939
2919 2939
2918 2939
2917 2939
2916 2939
2915 2939
2914 2939
2913 2939
2912 2939
2911 2939
2910 2939
2909 2939
2908 2939
2907 2939
2906 2939
2905 2939
2904 2939
2903 2939
2902 2939
2901 2939
2900 2939
2899 2939
2898 2939
2897 2939
2896 2939
2895 2939
2894 2939
2893 2939
2892 2939
2891 2939
2890 2939
2889 2939
