100
0 2801
1 2801
2 2801
3 2801
4 2801
5 2801
6 2801
7 2801
8 2801
9 2801
10 2801
11 2801
12 2801
13 2801
14 2801
15 2801
16 2801
17 2801
18 2801
19 2801
20 2801
21 2801
22 2801
23 2801
24 2801
25 2801
26 2801
27 2801
28 2801
29 2801
30 2801
31 2801
32 2801
33 2801
34 2801
35 2801
36 2801
37 2801
38 2801
39 2801
40 2801
41 2801
42 2801
43 2801
44 2801
45 2801
46 2801
47 2801
48 2801
49 2801
2800 2801
2799 2801
2798 2801
2797 2801
2796 2801
2795 2801
2794 2801
2793 2801
2792 2801
2791 2801
2790 2801
2789 2801
2788 2801
2787 2801
2786 2801
2785 2801
2784 2801
2783 2801
2782 2801
2781 2801
2780 2801
2779 2801
2778 2801
2777 2801
2776 2801
2775 2801
2774 2801
2773 2801
2772 2801
2771 2801
2770 2801
2769 2801
2768 2801
2767 2801
2766 2801
2765 2801
2764 2801
2763 2801
2762 2801
2761 2801
2760 2801
2759 2801
2758 2801
2757 2801
2756 2801
2755 2801
2754 2801
2753 2801
2752 2801
2751 2801
