100
0 2819
1 2819
2 2819
3 2819
4 2819
5 2819
6 2819
7 2819
8 2819
9 2819
10 2819
11 2819
12 2819
13 2819
14 2819
15 2819
16 2819
17 2819
18 2819
19 2819
20 2819
21 2819
22 2819
23 2819
24 2819
25 2819
26 2819
27 2819
28 2819
29 2819
30 2819
31 2819
32 2819
33 2819
34 2819
35 2819
36 2819
37 2819
38 2819
39 2819
40 2819
41 2819
42 2819
43 2819
44 2819
45 2819
46 2819
47 2819
48 2819
49 2819
2818 2819
2817 2819
2816 2819
2815 2819
2814 2819
2813 2819
2812 2819
2811 2819
2810 2819
2809 2819
2808 2819
2807 2819
2806 2819
2805 2819
2804 2819
2803 2819
2802 2819
2801 2819
2800 2819
2799 2819
2798 2819
2797 2819
2796 2819
2795 2819
2794 2819
2793 2819
2792 2819
2791 2819
2790 2819
2789 2819
2788 2819
2787 2819
2786 2819
2785 2819
2784 2819
2783 2819
2782 2819
2781 2819
2780 2819
2779 2819
2778 2819
2777 2819
2776 2819
2775 2819
2774 2819
2773 2819
2772 2819
2771 2819
2770 2819
2769 2819
