100
0 2879
1 2879
2 2879
3 2879
4 2879
5 2879
6 2879
7 2879
8 2879
9 2879
10 2879
11 2879
12 2879
13 2879
14 2879
15 2879
16 2879
17 2879
18 2879
19 2879
20 2879
21 2879
22 2879
23 2879
24 2879
25 2879
26 2879
27 2879
28 2879
29 2879
30 2879
31 2879
32 2879
33 2879
34 2879
35 2879
36 2879
37 2879
38 2879
39 2879
40 2879
41 2879
42 2879
43 2879
44 2879
45 2879
46 2879
47 2879
48 2879
49 2879
2878 2879
2877 2879
2876 2879
2875 2879
2874 2879
2873 2879
2872 2879
2871 2879
2870 2879
2869 2879
2868 2879
2867 2879
2866 2879
2865 2879
2864 2879
2863 2879
2862 2879
2861 2879
2860 2879
2859 2879
2858 2879
2857 2879
2856 2879
2855 2879
2854 2879
2853 2879
2852 2879
2851 2879
2850 2879
2849 2879
2848 2879
2847 2879
2846 2879
2845 2879
2844 2879
2843 2879
2842 2879
2841 2879
2840 2879
2839 2879
2838 2879
2837 2879
2836 2879
2835 2879
2834 2879
2833 2879
2832 2879
2831 2879
2830 2879
2829 2879
