100
0 2909
1 2909
2 2909
3 2909
4 2909
5 2909
6 2909
7 2909
8 2909
9 2909
10 2909
11 2909
12 2909
13 2909
14 2909
15 2909
16 2909
17 2909
18 2909
19 2909
20 2909
21 2909
22 2909
23 2909
24 2909
25 2909
26 2909
27 2909
28 2909
29 2909
30 2909
31 2909
32 2909
33 2909
34 2909
35 2909
36 2909
37 2909
38 2909
39 2909
40 2909
41 2909
42 2909
43 2909
44 2909
45 2909
46 2909
47 2909
48 2909
49 2909
2908 2909
2907 2909
2906 2909
2905 2909
2904 2909
2903 2909
2902 2909
2901 2909
2900 2909
2899 2909
2898 2909
2897 2909
2896 2909
2895 2909
2894 2909
2893 2909
2892 2909
2891 2909
2890 2909
2889 2909
2888 2909
2887 2909
2886 2909
2885 2909
2884 2909
2883 2909
2882 2909
2881 2909
2880 2909
2879 2909
2878 2909
2877 2909
2876 2909
2875 2909
2874 2909
2873 2909
2872 2909
2871 2909
2870 2909
2869 2909
2868 2909
2867 2909
2866 2909
2865 2909
2864 2909
2863 2909
2862 2909
2861 2909
2860 2909
2859 2909
