100
0 2749
1 2749
2 2749
3 2749
4 2749
5 2749
6 2749
7 2749
8 2749
9 2749
10 2749
11 2749
12 2749
13 2749
14 2749
15 2749
16 2749
17 2749
18 2749
19 2749
20 2749
21 2749
22 2749
23 2749
24 2749
25 2749
26 2749
27 2749
28 2749
29 2749
30 2749
31 2749
32 2749
33 2749
34 2749
35 2749
36 2749
37 2749
38 2749
39 2749
40 2749
41 2749
42 2749
43 2749
44 2749
45 2749
46 2749
47 2749
48 2749
49 2749
2748 2749
2747 2749
2746 2749
2745 2749
2744 2749
2743 2749
2742 2749
2741 2749
2740 2749
2739 2749
2738 2749
2737 2749
2736 2749
2735 2749
2734 2749
2733 2749
2732 2749
2731 2749
2730 2749
2729 2749
2728 2749
2727 2749
2726 2749
2725 2749
2724 2749
2723 2749
2722 2749
2721 2749
2720 2749
2719 2749
2718 2749
2717 2749
2716 2749
2715 2749
2714 2749
2713 2749
2712 2749
2711 2749
2710 2749
2709 2749
2708 2749
2707 2749
2706 2749
2705 2749
2704 2749
2703 2749
2702 2749
2701 2749
2700 2749
2699 2749
