100
0 2861
1 2861
2 2861
3 2861
4 2861
5 2861
6 2861
7 2861
8 2861
9 2861
10 2861
11 2861
12 2861
13 2861
14 2861
15 2861
16 2861
17 2861
18 2861
19 2861
20 2861
21 2861
22 2861
23 2861
24 2861
25 2861
26 2861
27 2861
28 2861
29 2861
30 2861
31 2861
32 2861
33 2861
34 2861
35 2861
36 2861
37 2861
38 2861
39 2861
40 2861
41 2861
42 2861
43 2861
44 2861
45 2861
46 2861
47 2861
48 2861
49 2861
2860 2861
2859 2861
2858 2861
2857 2861
2856 2861
2855 2861
2854 2861
2853 2861
2852 2861
2851 2861
2850 2861
2849 2861
2848 2861
2847 2861
2846 2861
2845 2861
2844 2861
2843 2861
2842 2861
2841 2861
2840 2861
2839 2861
2838 2861
2837 2861
2836 2861
2835 2861
2834 2861
2833 2861
2832 2861
2831 2861
2830 2861
2829 2861
2828 2861
2827 2861
2826 2861
2825 2861
2824 2861
2823 2861
2822 2861
2821 2861
2820 2861
2819 2861
2818 2861
2817 2861
2816 2861
2815 2861
2814 2861
2813 2861
2812 2861
2811 2861
