100
0 2789
1 2789
2 2789
3 2789
4 2789
5 2789
6 2789
7 2789
8 2789
9 2789
10 2789
11 2789
12 2789
13 2789
14 2789
15 2789
16 2789
17 2789
18 2789
19 2789
20 2789
21 2789
22 2789
23 2789
24 2789
25 2789
26 2789
27 2789
28 2789
29 2789
30 2789
31 2789
32 2789
33 2789
34 2789
35 2789
36 2789
37 2789
38 2789
39 2789
40 2789
41 2789
42 2789
43 2789
44 2789
45 2789
46 2789
47 2789
48 2789
49 2789
2788 2789
2787 2789
2786 2789
2785 2789
2784 2789
2783 2789
2782 2789
2781 2789
2780 2789
2779 2789
2778 2789
2777 2789
2776 2789
2775 2789
2774 2789
2773 2789
2772 2789
2771 2789
2770 2789
2769 2789
2768 2789
2767 2789
2766 2789
2765 2789
2764 2789
2763 2789
2762 2789
2761 2789
2760 2789
2759 2789
2758 2789
2757 2789
2756 2789
2755 2789
2754 2789
2753 2789
2752 2789
2751 2789
2750 2789
2749 2789
2748 2789
2747 2789
2746 2789
2745 2789
2744 2789
2743 2789
2742 2789
2741 2789
2740 2789
2739 2789
