100
0 3019
1 3019
2 3019
3 3019
4 3019
5 3019
6 3019
7 3019
8 3019
9 3019
10 3019
11 3019
12 3019
13 3019
14 3019
15 3019
16 3019
17 3019
18 3019
19 3019
20 3019
21 3019
22 3019
23 3019
24 3019
25 3019
26 3019
27 3019
28 3019
29 3019
30 3019
31 3019
32 3019
33 3019
34 3019
35 3019
36 3019
37 3019
38 3019
39 3019
40 3019
41 3019
42 3019
43 3019
44 3019
45 3019
46 3019
47 3019
48 3019
49 3019
3018 3019
3017 3019
3016 3019
3015 3019
3014 3019
3013 3019
3012 3019
3011 3019
3010 3019
3009 3019
3008 3019
3007 3019
3006 3019
3005 3019
3004 3019
3003 3019
3002 3019
3001 3019
3000 3019
2999 3019
2998 3019
2997 3019
2996 3019
2995 3019
2994 3019
2993 3019
2992 3019
2991 3019
2990 3019
2989 3019
2988 3019
2987 3019
2986 3019
2985 3019
2984 3019
2983 3019
2982 3019
2981 3019
2980 3019
2979 3019
2978 3019
2977 3019
2976 3019
2975 3019
2974 3019
2973 3019
2972 3019
2971 3019
2970 3019
2969 3019
