100
0 3001
1 3001
2 3001
3 3001
4 3001
5 3001
6 3001
7 3001
8 3001
9 3001
10 3001
11 3001
12 3001
13 3001
14 3001
15 3001
16 3001
17 3001
18 3001
19 3001
20 3001
21 3001
22 3001
23 3001
24 3001
25 3001
26 3001
27 3001
28 3001
29 3001
30 3001
31 3001
32 3001
33 3001
34 3001
35 3001
36 3001
37 3001
38 3001
39 3001
40 3001
41 3001
42 3001
43 3001
44 3001
45 3001
46 3001
47 3001
48 3001
49 3001
3000 3001
2999 3001
2998 3001
2997 3001
2996 3001
2995 3001
2994 3001
2993 3001
2992 3001
2991 3001
2990 3001
2989 3001
2988 3001
2987 3001
2986 3001
2985 3001
2984 3001
2983 3001
2982 3001
2981 3001
2980 3001
2979 3001
2978 3001
2977 3001
2976 3001
2975 3001
2974 3001
2973 3001
2972 3001
2971 3001
2970 3001
2969 3001
2968 3001
2967 3001
2966 3001
2965 3001
2964 3001
2963 3001
2962 3001
2961 3001
2960 3001
2959 3001
2958 3001
2957 3001
2956 3001
2955 3001
2954 3001
2953 3001
2952 3001
2951 3001
