100
0 3079
1 3079
2 3079
3 3079
4 3079
5 3079
6 3079
7 3079
8 3079
9 3079
10 3079
11 3079
12 3079
13 3079
14 3079
15 3079
16 3079
17 3079
18 3079
19 3079
20 3079
21 3079
22 3079
23 3079
24 3079
25 3079
26 3079
27 3079
28 3079
29 3079
30 3079
31 3079
32 3079
33 3079
34 3079
35 3079
36 3079
37 3079
38 3079
39 3079
40 3079
41 3079
42 3079
43 3079
44 3079
45 3079
46 3079
47 3079
48 3079
49 3079
3078 3079
3077 3079
3076 3079
3075 3079
3074 3079
3073 3079
3072 3079
3071 3079
3070 3079
3069 3079
3068 3079
3067 3079
3066 3079
3065 3079
3064 3079
3063 3079
3062 3079
3061 3079
3060 3079
3059 3079
3058 3079
3057 3079
3056 3079
3055 3079
3054 3079
3053 3079
3052 3079
3051 3079
3050 3079
3049 3079
3048 3079
3047 3079
3046 3079
3045 3079
3044 3079
3043 3079
3042 3079
3041 3079
3040 3079
3039 3079
3038 3079
3037 3079
3036 3079
3035 3079
3034 3079
3033 3079
3032 3079
3031 3079
3030 3079
3029 3079
