100
0 2999
1 2999
2 2999
3 2999
4 2999
5 2999
6 2999
7 2999
8 2999
9 2999
10 2999
11 2999
12 2999
13 2999
14 2999
15 2999
16 2999
17 2999
18 2999
19 2999
20 2999
21 2999
22 2999
23 2999
24 2999
25 2999
26 2999
27 2999
28 2999
29 2999
30 2999
31 2999
32 2999
33 2999
34 2999
35 2999
36 2999
37 2999
38 2999
39 2999
40 2999
41 2999
42 2999
43 2999
44 2999
45 2999
46 2999
47 2999
48 2999
49 2999
2998 2999
2997 2999
2996 2999
2995 2999
2994 2999
2993 2999
2992 2999
2991 2999
2990 2999
2989 2999
2988 2999
2987 2999
2986 2999
2985 2999
2984 2999
2983 2999
2982 2999
2981 2999
2980 2999
2979 2999
2978 2999
2977 2999
2976 2999
2975 2999
2974 2999
2973 2999
2972 2999
2971 2999
2970 2999
2969 2999
2968 2999
2967 2999
2966 2999
2965 2999
2964 2999
2963 2999
2962 2999
2961 2999
2960 2999
2959 2999
2958 2999
2957 2999
2956 2999
2955 2999
2954 2999
2953 2999
2952 2999
2951 2999
2950 2999
2949 2999
