100
0 2969
1 2969
2 2969
3 2969
4 2969
5 2969
6 2969
7 2969
8 2969
9 2969
10 2969
11 2969
12 2969
13 2969
14 2969
15 2969
16 2969
17 2969
18 2969
19 2969
20 2969
21 2969
22 2969
23 2969
24 2969
25 2969
26 2969
27 2969
28 2969
29 2969
30 2969
31 2969
32 2969
33 2969
34 2969
35 2969
36 2969
37 2969
38 2969
39 2969
40 2969
41 2969
42 2969
43 2969
44 2969
45 2969
46 2969
47 2969
48 2969
49 2969
2968 2969
2967 2969
2966 2969
2965 2969
2964 2969
2963 2969
2962 2969
2961 2969
2960 2969
2959 2969
2958 2969
2957 2969
2956 2969
2955 2969
2954 2969
2953 2969
2952 2969
2951 2969
2950 2969
2949 2969
2948 2969
2947 2969
2946 2969
2945 2969
2944 2969
2943 2969
2942 2969
2941 2969
2940 2969
2939 2969
2938 2969
2937 2969
2936 2969
2935 2969
2934 2969
2933 2969
2932 2969
2931 2969
2930 2969
2929 2969
2928 2969
2927 2969
2926 2969
2925 2969
2924 2969
2923 2969
2922 2969
2921 2969
2920 2969
2919 2969
