100
0 3061
1 3061
2 3061
3 3061
4 3061
5 3061
6 3061
7 3061
8 3061
9 3061
10 3061
11 3061
12 3061
13 3061
14 3061
15 3061
16 3061
17 3061
18 3061
19 3061
20 3061
21 3061
22 3061
23 3061
24 3061
25 3061
26 3061
27 3061
28 3061
29 3061
30 3061
31 3061
32 3061
33 3061
34 3061
35 3061
36 3061
37 3061
38 3061
39 3061
40 3061
41 3061
42 3061
43 3061
44 3061
45 3061
46 3061
47 3061
48 3061
49 3061
3060 3061
3059 3061
3058 3061
3057 3061
3056 3061
3055 3061
3054 3061
3053 3061
3052 3061
3051 3061
3050 3061
3049 3061
3048 3061
3047 3061
3046 3061
3045 3061
3044 3061
3043 3061
3042 3061
3041 3061
3040 3061
3039 3061
3038 3061
3037 3061
3036 3061
3035 3061
3034 3061
3033 3061
3032 3061
3031 3061
3030 3061
3029 3061
3028 3061
3027 3061
3026 3061
3025 3061
3024 3061
3023 3061
3022 3061
3021 3061
3020 3061
3019 3061
3018 3061
3017 3061
3016 3061
3015 3061
3014 3061
3013 3061
3012 3061
3011 3061
