100
0 151
1 151
2 151
3 151
4 151
5 151
6 151
7 151
8 151
9 151
10 151
11 151
12 151
13 151
14 151
15 151
16 151
17 151
18 151
19 151
20 151
21 151
22 151
23 151
24 151
25 151
26 151
27 151
28 151
29 151
30 151
31 151
32 151
33 151
34 151
35 151
36 151
37 151
38 151
39 151
40 151
41 151
42 151
43 151
44 151
45 151
46 151
47 151
48 151
49 151
150 151
149 151
148 151
147 151
146 151
145 151
144 151
143 151
142 151
141 151
140 151
139 151
138 151
137 151
136 151
135 151
134 151
133 151
132 151
131 151
130 151
129 151
128 151
127 151
126 151
125 151
124 151
123 151
122 151
121 151
120 151
119 151
118 151
117 151
116 151
115 151
114 151
113 151
112 151
111 151
110 151
109 151
108 151
107 151
106 151
105 151
104 151
103 151
102 151
101 151
