100
0 3049
1 3049
2 3049
3 3049
4 3049
5 3049
6 3049
7 3049
8 3049
9 3049
10 3049
11 3049
12 3049
13 3049
14 3049
15 3049
16 3049
17 3049
18 3049
19 3049
20 3049
21 3049
22 3049
23 3049
24 3049
25 3049
26 3049
27 3049
28 3049
29 3049
30 3049
31 3049
32 3049
33 3049
34 3049
35 3049
36 3049
37 3049
38 3049
39 3049
40 3049
41 3049
42 3049
43 3049
44 3049
45 3049
46 3049
47 3049
48 3049
49 3049
3048 3049
3047 3049
3046 3049
3045 3049
3044 3049
3043 3049
3042 3049
3041 3049
3040 3049
3039 3049
3038 3049
3037 3049
3036 3049
3035 3049
3034 3049
3033 3049
3032 3049
3031 3049
3030 3049
3029 3049
3028 3049
3027 3049
3026 3049
3025 3049
3024 3049
3023 3049
3022 3049
3021 3049
3020 3049
3019 3049
3018 3049
3017 3049
3016 3049
3015 3049
3014 3049
3013 3049
3012 3049
3011 3049
3010 3049
3009 3049
3008 3049
3007 3049
3006 3049
3005 3049
3004 3049
3003 3049
3002 3049
3001 3049
3000 3049
2999 3049
