100
0 3041
1 3041
2 3041
3 3041
4 3041
5 3041
6 3041
7 3041
8 3041
9 3041
10 3041
11 3041
12 3041
13 3041
14 3041
15 3041
16 3041
17 3041
18 3041
19 3041
20 3041
21 3041
22 3041
23 3041
24 3041
25 3041
26 3041
27 3041
28 3041
29 3041
30 3041
31 3041
32 3041
33 3041
34 3041
35 3041
36 3041
37 3041
38 3041
39 3041
40 3041
41 3041
42 3041
43 3041
44 3041
45 3041
46 3041
47 3041
48 3041
49 3041
3040 3041
3039 3041
3038 3041
3037 3041
3036 3041
3035 3041
3034 3041
3033 3041
3032 3041
3031 3041
3030 3041
3029 3041
3028 3041
3027 3041
3026 3041
3025 3041
3024 3041
3023 3041
3022 3041
3021 3041
3020 3041
3019 3041
3018 3041
3017 3041
3016 3041
3015 3041
3014 3041
3013 3041
3012 3041
3011 3041
3010 3041
3009 3041
3008 3041
3007 3041
3006 3041
3005 3041
3004 3041
3003 3041
3002 3041
3001 3041
3000 3041
2999 3041
2998 3041
2997 3041
2996 3041
2995 3041
2994 3041
2993 3041
2992 3041
2991 3041
