100
0 3011
1 3011
2 3011
3 3011
4 3011
5 3011
6 3011
7 3011
8 3011
9 3011
10 3011
11 3011
12 3011
13 3011
14 3011
15 3011
16 3011
17 3011
18 3011
19 3011
20 3011
21 3011
22 3011
23 3011
24 3011
25 3011
26 3011
27 3011
28 3011
29 3011
30 3011
31 3011
32 3011
33 3011
34 3011
35 3011
36 3011
37 3011
38 3011
39 3011
40 3011
41 3011
42 3011
43 3011
44 3011
45 3011
46 3011
47 3011
48 3011
49 3011
3010 3011
3009 3011
3008 3011
3007 3011
3006 3011
3005 3011
3004 3011
3003 3011
3002 3011
3001 3011
3000 3011
2999 3011
2998 3011
2997 3011
2996 3011
2995 3011
2994 3011
2993 3011
2992 3011
2991 3011
2990 3011
2989 3011
2988 3011
2987 3011
2986 3011
2985 3011
2984 3011
2983 3011
2982 3011
2981 3011
2980 3011
2979 3011
2978 3011
2977 3011
2976 3011
2975 3011
2974 3011
2973 3011
2972 3011
2971 3011
2970 3011
2969 3011
2968 3011
2967 3011
2966 3011
2965 3011
2964 3011
2963 3011
2962 3011
2961 3011
