100
0 2971
1 2971
2 2971
3 2971
4 2971
5 2971
6 2971
7 2971
8 2971
9 2971
10 2971
11 2971
12 2971
13 2971
14 2971
15 2971
16 2971
17 2971
18 2971
19 2971
20 2971
21 2971
22 2971
23 2971
24 2971
25 2971
26 2971
27 2971
28 2971
29 2971
30 2971
31 2971
32 2971
33 2971
34 2971
35 2971
36 2971
37 2971
38 2971
39 2971
40 2971
41 2971
42 2971
43 2971
44 2971
45 2971
46 2971
47 2971
48 2971
49 2971
2970 2971
2969 2971
2968 2971
2967 2971
2966 2971
2965 2971
2964 2971
2963 2971
2962 2971
2961 2971
2960 2971
2959 2971
2958 2971
2957 2971
2956 2971
2955 2971
2954 2971
2953 2971
2952 2971
2951 2971
2950 2971
2949 2971
2948 2971
2947 2971
2946 2971
2945 2971
2944 2971
2943 2971
2942 2971
2941 2971
2940 2971
2939 2971
2938 2971
2937 2971
2936 2971
2935 2971
2934 2971
2933 2971
2932 2971
2931 2971
2930 2971
2929 2971
2928 2971
2927 2971
2926 2971
2925 2971
2924 2971
2923 2971
2922 2971
2921 2971
