100
0 3169
1 3169
2 3169
3 3169
4 3169
5 3169
6 3169
7 3169
8 3169
9 3169
10 3169
11 3169
12 3169
13 3169
14 3169
15 3169
16 3169
17 3169
18 3169
19 3169
20 3169
21 3169
22 3169
23 3169
24 3169
25 3169
26 3169
27 3169
28 3169
29 3169
30 3169
31 3169
32 3169
33 3169
34 3169
35 3169
36 3169
37 3169
38 3169
39 3169
40 3169
41 3169
42 3169
43 3169
44 3169
45 3169
46 3169
47 3169
48 3169
49 3169
3168 3169
3167 3169
3166 3169
3165 3169
3164 3169
3163 3169
3162 3169
3161 3169
3160 3169
3159 3169
3158 3169
3157 3169
3156 3169
3155 3169
3154 3169
3153 3169
3152 3169
3151 3169
3150 3169
3149 3169
3148 3169
3147 3169
3146 3169
3145 3169
3144 3169
3143 3169
3142 3169
3141 3169
3140 3169
3139 3169
3138 3169
3137 3169
3136 3169
3135 3169
3134 3169
3133 3169
3132 3169
3131 3169
3130 3169
3129 3169
3128 3169
3127 3169
3126 3169
3125 3169
3124 3169
3123 3169
3122 3169
3121 3169
3120 3169
3119 3169
