100
0 3221
1 3221
2 3221
3 3221
4 3221
5 3221
6 3221
7 3221
8 3221
9 3221
10 3221
11 3221
12 3221
13 3221
14 3221
15 3221
16 3221
17 3221
18 3221
19 3221
20 3221
21 3221
22 3221
23 3221
24 3221
25 3221
26 3221
27 3221
28 3221
29 3221
30 3221
31 3221
32 3221
33 3221
34 3221
35 3221
36 3221
37 3221
38 3221
39 3221
40 3221
41 3221
42 3221
43 3221
44 3221
45 3221
46 3221
47 3221
48 3221
49 3221
3220 3221
3219 3221
3218 3221
3217 3221
3216 3221
3215 3221
3214 3221
3213 3221
3212 3221
3211 3221
3210 3221
3209 3221
3208 3221
3207 3221
3206 3221
3205 3221
3204 3221
3203 3221
3202 3221
3201 3221
3200 3221
3199 3221
3198 3221
3197 3221
3196 3221
3195 3221
3194 3221
3193 3221
3192 3221
3191 3221
3190 3221
3189 3221
3188 3221
3187 3221
3186 3221
3185 3221
3184 3221
3183 3221
3182 3221
3181 3221
3180 3221
3179 3221
3178 3221
3177 3221
3176 3221
3175 3221
3174 3221
3173 3221
3172 3221
3171 3221
