100
0 3191
1 3191
2 3191
3 3191
4 3191
5 3191
6 3191
7 3191
8 3191
9 3191
10 3191
11 3191
12 3191
13 3191
14 3191
15 3191
16 3191
17 3191
18 3191
19 3191
20 3191
21 3191
22 3191
23 3191
24 3191
25 3191
26 3191
27 3191
28 3191
29 3191
30 3191
31 3191
32 3191
33 3191
34 3191
35 3191
36 3191
37 3191
38 3191
39 3191
40 3191
41 3191
42 3191
43 3191
44 3191
45 3191
46 3191
47 3191
48 3191
49 3191
3190 3191
3189 3191
3188 3191
3187 3191
3186 3191
3185 3191
3184 3191
3183 3191
3182 3191
3181 3191
3180 3191
3179 3191
3178 3191
3177 3191
3176 3191
3175 3191
3174 3191
3173 3191
3172 3191
3171 3191
3170 3191
3169 3191
3168 3191
3167 3191
3166 3191
3165 3191
3164 3191
3163 3191
3162 3191
3161 3191
3160 3191
3159 3191
3158 3191
3157 3191
3156 3191
3155 3191
3154 3191
3153 3191
3152 3191
3151 3191
3150 3191
3149 3191
3148 3191
3147 3191
3146 3191
3145 3191
3144 3191
3143 3191
3142 3191
3141 3191
