100
0 3209
1 3209
2 3209
3 3209
4 3209
5 3209
6 3209
7 3209
8 3209
9 3209
10 3209
11 3209
12 3209
13 3209
14 3209
15 3209
16 3209
17 3209
18 3209
19 3209
20 3209
21 3209
22 3209
23 3209
24 3209
25 3209
26 3209
27 3209
28 3209
29 3209
30 3209
31 3209
32 3209
33 3209
34 3209
35 3209
36 3209
37 3209
38 3209
39 3209
40 3209
41 3209
42 3209
43 3209
44 3209
45 3209
46 3209
47 3209
48 3209
49 3209
3208 3209
3207 3209
3206 3209
3205 3209
3204 3209
3203 3209
3202 3209
3201 3209
3200 3209
3199 3209
3198 3209
3197 3209
3196 3209
3195 3209
3194 3209
3193 3209
3192 3209
3191 3209
3190 3209
3189 3209
3188 3209
3187 3209
3186 3209
3185 3209
3184 3209
3183 3209
3182 3209
3181 3209
3180 3209
3179 3209
3178 3209
3177 3209
3176 3209
3175 3209
3174 3209
3173 3209
3172 3209
3171 3209
3170 3209
3169 3209
3168 3209
3167 3209
3166 3209
3165 3209
3164 3209
3163 3209
3162 3209
3161 3209
3160 3209
3159 3209
