100
0 3181
1 3181
2 3181
3 3181
4 3181
5 3181
6 3181
7 3181
8 3181
9 3181
10 3181
11 3181
12 3181
13 3181
14 3181
15 3181
16 3181
17 3181
18 3181
19 3181
20 3181
21 3181
22 3181
23 3181
24 3181
25 3181
26 3181
27 3181
28 3181
29 3181
30 3181
31 3181
32 3181
33 3181
34 3181
35 3181
36 3181
37 3181
38 3181
39 3181
40 3181
41 3181
42 3181
43 3181
44 3181
45 3181
46 3181
47 3181
48 3181
49 3181
3180 3181
3179 3181
3178 3181
3177 3181
3176 3181
3175 3181
3174 3181
3173 3181
3172 3181
3171 3181
3170 3181
3169 3181
3168 3181
3167 3181
3166 3181
3165 3181
3164 3181
3163 3181
3162 3181
3161 3181
3160 3181
3159 3181
3158 3181
3157 3181
3156 3181
3155 3181
3154 3181
3153 3181
3152 3181
3151 3181
3150 3181
3149 3181
3148 3181
3147 3181
3146 3181
3145 3181
3144 3181
3143 3181
3142 3181
3141 3181
3140 3181
3139 3181
3138 3181
3137 3181
3136 3181
3135 3181
3134 3181
3133 3181
3132 3181
3131 3181
