100
0 3119
1 3119
2 3119
3 3119
4 3119
5 3119
6 3119
7 3119
8 3119
9 3119
10 3119
11 3119
12 3119
13 3119
14 3119
15 3119
16 3119
17 3119
18 3119
19 3119
20 3119
21 3119
22 3119
23 3119
24 3119
25 3119
26 3119
27 3119
28 3119
29 3119
30 3119
31 3119
32 3119
33 3119
34 3119
35 3119
36 3119
37 3119
38 3119
39 3119
40 3119
41 3119
42 3119
43 3119
44 3119
45 3119
46 3119
47 3119
48 3119
49 3119
3118 3119
3117 3119
3116 3119
3115 3119
3114 3119
3113 3119
3112 3119
3111 3119
3110 3119
3109 3119
3108 3119
3107 3119
3106 3119
3105 3119
3104 3119
3103 3119
3102 3119
3101 3119
3100 3119
3099 3119
3098 3119
3097 3119
3096 3119
3095 3119
3094 3119
3093 3119
3092 3119
3091 3119
3090 3119
3089 3119
3088 3119
3087 3119
3086 3119
3085 3119
3084 3119
3083 3119
3082 3119
3081 3119
3080 3119
3079 3119
3078 3119
3077 3119
3076 3119
3075 3119
3074 3119
3073 3119
3072 3119
3071 3119
3070 3119
3069 3119
