100
0 3109
1 3109
2 3109
3 3109
4 3109
5 3109
6 3109
7 3109
8 3109
9 3109
10 3109
11 3109
12 3109
13 3109
14 3109
15 3109
16 3109
17 3109
18 3109
19 3109
20 3109
21 3109
22 3109
23 3109
24 3109
25 3109
26 3109
27 3109
28 3109
29 3109
30 3109
31 3109
32 3109
33 3109
34 3109
35 3109
36 3109
37 3109
38 3109
39 3109
40 3109
41 3109
42 3109
43 3109
44 3109
45 3109
46 3109
47 3109
48 3109
49 3109
3108 3109
3107 3109
3106 3109
3105 3109
3104 3109
3103 3109
3102 3109
3101 3109
3100 3109
3099 3109
3098 3109
3097 3109
3096 3109
3095 3109
3094 3109
3093 3109
3092 3109
3091 3109
3090 3109
3089 3109
3088 3109
3087 3109
3086 3109
3085 3109
3084 3109
3083 3109
3082 3109
3081 3109
3080 3109
3079 3109
3078 3109
3077 3109
3076 3109
3075 3109
3074 3109
3073 3109
3072 3109
3071 3109
3070 3109
3069 3109
3068 3109
3067 3109
3066 3109
3065 3109
3064 3109
3063 3109
3062 3109
3061 3109
3060 3109
3059 3109
