100
0 3229
1 3229
2 3229
3 3229
4 3229
5 3229
6 3229
7 3229
8 3229
9 3229
10 3229
11 3229
12 3229
13 3229
14 3229
15 3229
16 3229
17 3229
18 3229
19 3229
20 3229
21 3229
22 3229
23 3229
24 3229
25 3229
26 3229
27 3229
28 3229
29 3229
30 3229
31 3229
32 3229
33 3229
34 3229
35 3229
36 3229
37 3229
38 3229
39 3229
40 3229
41 3229
42 3229
43 3229
44 3229
45 3229
46 3229
47 3229
48 3229
49 3229
3228 3229
3227 3229
3226 3229
3225 3229
3224 3229
3223 3229
3222 3229
3221 3229
3220 3229
3219 3229
3218 3229
3217 3229
3216 3229
3215 3229
3214 3229
3213 3229
3212 3229
3211 3229
3210 3229
3209 3229
3208 3229
3207 3229
3206 3229
3205 3229
3204 3229
3203 3229
3202 3229
3201 3229
3200 3229
3199 3229
3198 3229
3197 3229
3196 3229
3195 3229
3194 3229
3193 3229
3192 3229
3191 3229
3190 3229
3189 3229
3188 3229
3187 3229
3186 3229
3185 3229
3184 3229
3183 3229
3182 3229
3181 3229
3180 3229
3179 3229
