100
0 179
1 179
2 179
3 179
4 179
5 179
6 179
7 179
8 179
9 179
10 179
11 179
12 179
13 179
14 179
15 179
16 179
17 179
18 179
19 179
20 179
21 179
22 179
23 179
24 179
25 179
26 179
27 179
28 179
29 179
30 179
31 179
32 179
33 179
34 179
35 179
36 179
37 179
38 179
39 179
40 179
41 179
42 179
43 179
44 179
45 179
46 179
47 179
48 179
49 179
178 179
177 179
176 179
175 179
174 179
173 179
172 179
171 179
170 179
169 179
168 179
167 179
166 179
165 179
164 179
163 179
162 179
161 179
160 179
159 179
158 179
157 179
156 179
155 179
154 179
153 179
152 179
151 179
150 179
149 179
148 179
147 179
146 179
145 179
144 179
143 179
142 179
141 179
140 179
139 179
138 179
137 179
136 179
135 179
134 179
133 179
132 179
131 179
130 179
129 179
