100
0 3121
1 3121
2 3121
3 3121
4 3121
5 3121
6 3121
7 3121
8 3121
9 3121
10 3121
11 3121
12 3121
13 3121
14 3121
15 3121
16 3121
17 3121
18 3121
19 3121
20 3121
21 3121
22 3121
23 3121
24 3121
25 3121
26 3121
27 3121
28 3121
29 3121
30 3121
31 3121
32 3121
33 3121
34 3121
35 3121
36 3121
37 3121
38 3121
39 3121
40 3121
41 3121
42 3121
43 3121
44 3121
45 3121
46 3121
47 3121
48 3121
49 3121
3120 3121
3119 3121
3118 3121
3117 3121
3116 3121
3115 3121
3114 3121
3113 3121
3112 3121
3111 3121
3110 3121
3109 3121
3108 3121
3107 3121
3106 3121
3105 3121
3104 3121
3103 3121
3102 3121
3101 3121
3100 3121
3099 3121
3098 3121
3097 3121
3096 3121
3095 3121
3094 3121
3093 3121
3092 3121
3091 3121
3090 3121
3089 3121
3088 3121
3087 3121
3086 3121
3085 3121
3084 3121
3083 3121
3082 3121
3081 3121
3080 3121
3079 3121
3078 3121
3077 3121
3076 3121
3075 3121
3074 3121
3073 3121
3072 3121
3071 3121
