100
0 3089
1 3089
2 3089
3 3089
4 3089
5 3089
6 3089
7 3089
8 3089
9 3089
10 3089
11 3089
12 3089
13 3089
14 3089
15 3089
16 3089
17 3089
18 3089
19 3089
20 3089
21 3089
22 3089
23 3089
24 3089
25 3089
26 3089
27 3089
28 3089
29 3089
30 3089
31 3089
32 3089
33 3089
34 3089
35 3089
36 3089
37 3089
38 3089
39 3089
40 3089
41 3089
42 3089
43 3089
44 3089
45 3089
46 3089
47 3089
48 3089
49 3089
3088 3089
3087 3089
3086 3089
3085 3089
3084 3089
3083 3089
3082 3089
3081 3089
3080 3089
3079 3089
3078 3089
3077 3089
3076 3089
3075 3089
3074 3089
3073 3089
3072 3089
3071 3089
3070 3089
3069 3089
3068 3089
3067 3089
3066 3089
3065 3089
3064 3089
3063 3089
3062 3089
3061 3089
3060 3089
3059 3089
3058 3089
3057 3089
3056 3089
3055 3089
3054 3089
3053 3089
3052 3089
3051 3089
3050 3089
3049 3089
3048 3089
3047 3089
3046 3089
3045 3089
3044 3089
3043 3089
3042 3089
3041 3089
3040 3089
3039 3089
