100
0 3361
1 3361
2 3361
3 3361
4 3361
5 3361
6 3361
7 3361
8 3361
9 3361
10 3361
11 3361
12 3361
13 3361
14 3361
15 3361
16 3361
17 3361
18 3361
19 3361
20 3361
21 3361
22 3361
23 3361
24 3361
25 3361
26 3361
27 3361
28 3361
29 3361
30 3361
31 3361
32 3361
33 3361
34 3361
35 3361
36 3361
37 3361
38 3361
39 3361
40 3361
41 3361
42 3361
43 3361
44 3361
45 3361
46 3361
47 3361
48 3361
49 3361
3360 3361
3359 3361
3358 3361
3357 3361
3356 3361
3355 3361
3354 3361
3353 3361
3352 3361
3351 3361
3350 3361
3349 3361
3348 3361
3347 3361
3346 3361
3345 3361
3344 3361
3343 3361
3342 3361
3341 3361
3340 3361
3339 3361
3338 3361
3337 3361
3336 3361
3335 3361
3334 3361
3333 3361
3332 3361
3331 3361
3330 3361
3329 3361
3328 3361
3327 3361
3326 3361
3325 3361
3324 3361
3323 3361
3322 3361
3321 3361
3320 3361
3319 3361
3318 3361
3317 3361
3316 3361
3315 3361
3314 3361
3313 3361
3312 3361
3311 3361
