100
0 3331
1 3331
2 3331
3 3331
4 3331
5 3331
6 3331
7 3331
8 3331
9 3331
10 3331
11 3331
12 3331
13 3331
14 3331
15 3331
16 3331
17 3331
18 3331
19 3331
20 3331
21 3331
22 3331
23 3331
24 3331
25 3331
26 3331
27 3331
28 3331
29 3331
30 3331
31 3331
32 3331
33 3331
34 3331
35 3331
36 3331
37 3331
38 3331
39 3331
40 3331
41 3331
42 3331
43 3331
44 3331
45 3331
46 3331
47 3331
48 3331
49 3331
3330 3331
3329 3331
3328 3331
3327 3331
3326 3331
3325 3331
3324 3331
3323 3331
3322 3331
3321 3331
3320 3331
3319 3331
3318 3331
3317 3331
3316 3331
3315 3331
3314 3331
3313 3331
3312 3331
3311 3331
3310 3331
3309 3331
3308 3331
3307 3331
3306 3331
3305 3331
3304 3331
3303 3331
3302 3331
3301 3331
3300 3331
3299 3331
3298 3331
3297 3331
3296 3331
3295 3331
3294 3331
3293 3331
3292 3331
3291 3331
3290 3331
3289 3331
3288 3331
3287 3331
3286 3331
3285 3331
3284 3331
3283 3331
3282 3331
3281 3331
