100
0 3251
1 3251
2 3251
3 3251
4 3251
5 3251
6 3251
7 3251
8 3251
9 3251
10 3251
11 3251
12 3251
13 3251
14 3251
15 3251
16 3251
17 3251
18 3251
19 3251
20 3251
21 3251
22 3251
23 3251
24 3251
25 3251
26 3251
27 3251
28 3251
29 3251
30 3251
31 3251
32 3251
33 3251
34 3251
35 3251
36 3251
37 3251
38 3251
39 3251
40 3251
41 3251
42 3251
43 3251
44 3251
45 3251
46 3251
47 3251
48 3251
49 3251
3250 3251
3249 3251
3248 3251
3247 3251
3246 3251
3245 3251
3244 3251
3243 3251
3242 3251
3241 3251
3240 3251
3239 3251
3238 3251
3237 3251
3236 3251
3235 3251
3234 3251
3233 3251
3232 3251
3231 3251
3230 3251
3229 3251
3228 3251
3227 3251
3226 3251
3225 3251
3224 3251
3223 3251
3222 3251
3221 3251
3220 3251
3219 3251
3218 3251
3217 3251
3216 3251
3215 3251
3214 3251
3213 3251
3212 3251
3211 3251
3210 3251
3209 3251
3208 3251
3207 3251
3206 3251
3205 3251
3204 3251
3203 3251
3202 3251
3201 3251
