100
0 3301
1 3301
2 3301
3 3301
4 3301
5 3301
6 3301
7 3301
8 3301
9 3301
10 3301
11 3301
12 3301
13 3301
14 3301
15 3301
16 3301
17 3301
18 3301
19 3301
20 3301
21 3301
22 3301
23 3301
24 3301
25 3301
26 3301
27 3301
28 3301
29 3301
30 3301
31 3301
32 3301
33 3301
34 3301
35 3301
36 3301
37 3301
38 3301
39 3301
40 3301
41 3301
42 3301
43 3301
44 3301
45 3301
46 3301
47 3301
48 3301
49 3301
3300 3301
3299 3301
3298 3301
3297 3301
3296 3301
3295 3301
3294 3301
3293 3301
3292 3301
3291 3301
3290 3301
3289 3301
3288 3301
3287 3301
3286 3301
3285 3301
3284 3301
3283 3301
3282 3301
3281 3301
3280 3301
3279 3301
3278 3301
3277 3301
3276 3301
3275 3301
3274 3301
3273 3301
3272 3301
3271 3301
3270 3301
3269 3301
3268 3301
3267 3301
3266 3301
3265 3301
3264 3301
3263 3301
3262 3301
3261 3301
3260 3301
3259 3301
3258 3301
3257 3301
3256 3301
3255 3301
3254 3301
3253 3301
3252 3301
3251 3301
