100
0 3319
1 3319
2 3319
3 3319
4 3319
5 3319
6 3319
7 3319
8 3319
9 3319
10 3319
11 3319
12 3319
13 3319
14 3319
15 3319
16 3319
17 3319
18 3319
19 3319
20 3319
21 3319
22 3319
23 3319
24 3319
25 3319
26 3319
27 3319
28 3319
29 3319
30 3319
31 3319
32 3319
33 3319
34 3319
35 3319
36 3319
37 3319
38 3319
39 3319
40 3319
41 3319
42 3319
43 3319
44 3319
45 3319
46 3319
47 3319
48 3319
49 3319
3318 3319
3317 3319
3316 3319
3315 3319
3314 3319
3313 3319
3312 3319
3311 3319
3310 3319
3309 3319
3308 3319
3307 3319
3306 3319
3305 3319
3304 3319
3303 3319
3302 3319
3301 3319
3300 3319
3299 3319
3298 3319
3297 3319
3296 3319
3295 3319
3294 3319
3293 3319
3292 3319
3291 3319
3290 3319
3289 3319
3288 3319
3287 3319
3286 3319
3285 3319
3284 3319
3283 3319
3282 3319
3281 3319
3280 3319
3279 3319
3278 3319
3277 3319
3276 3319
3275 3319
3274 3319
3273 3319
3272 3319
3271 3319
3270 3319
3269 3319
