100
0 3359
1 3359
2 3359
3 3359
4 3359
5 3359
6 3359
7 3359
8 3359
9 3359
10 3359
11 3359
12 3359
13 3359
14 3359
15 3359
16 3359
17 3359
18 3359
19 3359
20 3359
21 3359
22 3359
23 3359
24 3359
25 3359
26 3359
27 3359
28 3359
29 3359
30 3359
31 3359
32 3359
33 3359
34 3359
35 3359
36 3359
37 3359
38 3359
39 3359
40 3359
41 3359
42 3359
43 3359
44 3359
45 3359
46 3359
47 3359
48 3359
49 3359
3358 3359
3357 3359
3356 3359
3355 3359
3354 3359
3353 3359
3352 3359
3351 3359
3350 3359
3349 3359
3348 3359
3347 3359
3346 3359
3345 3359
3344 3359
3343 3359
3342 3359
3341 3359
3340 3359
3339 3359
3338 3359
3337 3359
3336 3359
3335 3359
3334 3359
3333 3359
3332 3359
3331 3359
3330 3359
3329 3359
3328 3359
3327 3359
3326 3359
3325 3359
3324 3359
3323 3359
3322 3359
3321 3359
3320 3359
3319 3359
3318 3359
3317 3359
3316 3359
3315 3359
3314 3359
3313 3359
3312 3359
3311 3359
3310 3359
3309 3359
