100
0 3329
1 3329
2 3329
3 3329
4 3329
5 3329
6 3329
7 3329
8 3329
9 3329
10 3329
11 3329
12 3329
13 3329
14 3329
15 3329
16 3329
17 3329
18 3329
19 3329
20 3329
21 3329
22 3329
23 3329
24 3329
25 3329
26 3329
27 3329
28 3329
29 3329
30 3329
31 3329
32 3329
33 3329
34 3329
35 3329
36 3329
37 3329
38 3329
39 3329
40 3329
41 3329
42 3329
43 3329
44 3329
45 3329
46 3329
47 3329
48 3329
49 3329
3328 3329
3327 3329
3326 3329
3325 3329
3324 3329
3323 3329
3322 3329
3321 3329
3320 3329
3319 3329
3318 3329
3317 3329
3316 3329
3315 3329
3314 3329
3313 3329
3312 3329
3311 3329
3310 3329
3309 3329
3308 3329
3307 3329
3306 3329
3305 3329
3304 3329
3303 3329
3302 3329
3301 3329
3300 3329
3299 3329
3298 3329
3297 3329
3296 3329
3295 3329
3294 3329
3293 3329
3292 3329
3291 3329
3290 3329
3289 3329
3288 3329
3287 3329
3286 3329
3285 3329
3284 3329
3283 3329
3282 3329
3281 3329
3280 3329
3279 3329
