100
0 181
1 181
2 181
3 181
4 181
5 181
6 181
7 181
8 181
9 181
10 181
11 181
12 181
13 181
14 181
15 181
16 181
17 181
18 181
19 181
20 181
21 181
22 181
23 181
24 181
25 181
26 181
27 181
28 181
29 181
30 181
31 181
32 181
33 181
34 181
35 181
36 181
37 181
38 181
39 181
40 181
41 181
42 181
43 181
44 181
45 181
46 181
47 181
48 181
49 181
180 181
179 181
178 181
177 181
176 181
175 181
174 181
173 181
172 181
171 181
170 181
169 181
168 181
167 181
166 181
165 181
164 181
163 181
162 181
161 181
160 181
159 181
158 181
157 181
156 181
155 181
154 181
153 181
152 181
151 181
150 181
149 181
148 181
147 181
146 181
145 181
144 181
143 181
142 181
141 181
140 181
139 181
138 181
137 181
136 181
135 181
134 181
133 181
132 181
131 181
