100
0 3299
1 3299
2 3299
3 3299
4 3299
5 3299
6 3299
7 3299
8 3299
9 3299
10 3299
11 3299
12 3299
13 3299
14 3299
15 3299
16 3299
17 3299
18 3299
19 3299
20 3299
21 3299
22 3299
23 3299
24 3299
25 3299
26 3299
27 3299
28 3299
29 3299
30 3299
31 3299
32 3299
33 3299
34 3299
35 3299
36 3299
37 3299
38 3299
39 3299
40 3299
41 3299
42 3299
43 3299
44 3299
45 3299
46 3299
47 3299
48 3299
49 3299
3298 3299
3297 3299
3296 3299
3295 3299
3294 3299
3293 3299
3292 3299
3291 3299
3290 3299
3289 3299
3288 3299
3287 3299
3286 3299
3285 3299
3284 3299
3283 3299
3282 3299
3281 3299
3280 3299
3279 3299
3278 3299
3277 3299
3276 3299
3275 3299
3274 3299
3273 3299
3272 3299
3271 3299
3270 3299
3269 3299
3268 3299
3267 3299
3266 3299
3265 3299
3264 3299
3263 3299
3262 3299
3261 3299
3260 3299
3259 3299
3258 3299
3257 3299
3256 3299
3255 3299
3254 3299
3253 3299
3252 3299
3251 3299
3250 3299
3249 3299
