100
0 3271
1 3271
2 3271
3 3271
4 3271
5 3271
6 3271
7 3271
8 3271
9 3271
10 3271
11 3271
12 3271
13 3271
14 3271
15 3271
16 3271
17 3271
18 3271
19 3271
20 3271
21 3271
22 3271
23 3271
24 3271
25 3271
26 3271
27 3271
28 3271
29 3271
30 3271
31 3271
32 3271
33 3271
34 3271
35 3271
36 3271
37 3271
38 3271
39 3271
40 3271
41 3271
42 3271
43 3271
44 3271
45 3271
46 3271
47 3271
48 3271
49 3271
3270 3271
3269 3271
3268 3271
3267 3271
3266 3271
3265 3271
3264 3271
3263 3271
3262 3271
3261 3271
3260 3271
3259 3271
3258 3271
3257 3271
3256 3271
3255 3271
3254 3271
3253 3271
3252 3271
3251 3271
3250 3271
3249 3271
3248 3271
3247 3271
3246 3271
3245 3271
3244 3271
3243 3271
3242 3271
3241 3271
3240 3271
3239 3271
3238 3271
3237 3271
3236 3271
3235 3271
3234 3271
3233 3271
3232 3271
3231 3271
3230 3271
3229 3271
3228 3271
3227 3271
3226 3271
3225 3271
3224 3271
3223 3271
3222 3271
3221 3271
