100
0 3259
1 3259
2 3259
3 3259
4 3259
5 3259
6 3259
7 3259
8 3259
9 3259
10 3259
11 3259
12 3259
13 3259
14 3259
15 3259
16 3259
17 3259
18 3259
19 3259
20 3259
21 3259
22 3259
23 3259
24 3259
25 3259
26 3259
27 3259
28 3259
29 3259
30 3259
31 3259
32 3259
33 3259
34 3259
35 3259
36 3259
37 3259
38 3259
39 3259
40 3259
41 3259
42 3259
43 3259
44 3259
45 3259
46 3259
47 3259
48 3259
49 3259
3258 3259
3257 3259
3256 3259
3255 3259
3254 3259
3253 3259
3252 3259
3251 3259
3250 3259
3249 3259
3248 3259
3247 3259
3246 3259
3245 3259
3244 3259
3243 3259
3242 3259
3241 3259
3240 3259
3239 3259
3238 3259
3237 3259
3236 3259
3235 3259
3234 3259
3233 3259
3232 3259
3231 3259
3230 3259
3229 3259
3228 3259
3227 3259
3226 3259
3225 3259
3224 3259
3223 3259
3222 3259
3221 3259
3220 3259
3219 3259
3218 3259
3217 3259
3216 3259
3215 3259
3214 3259
3213 3259
3212 3259
3211 3259
3210 3259
3209 3259
