100
0 3391
1 3391
2 3391
3 3391
4 3391
5 3391
6 3391
7 3391
8 3391
9 3391
10 3391
11 3391
12 3391
13 3391
14 3391
15 3391
16 3391
17 3391
18 3391
19 3391
20 3391
21 3391
22 3391
23 3391
24 3391
25 3391
26 3391
27 3391
28 3391
29 3391
30 3391
31 3391
32 3391
33 3391
34 3391
35 3391
36 3391
37 3391
38 3391
39 3391
40 3391
41 3391
42 3391
43 3391
44 3391
45 3391
46 3391
47 3391
48 3391
49 3391
3390 3391
3389 3391
3388 3391
3387 3391
3386 3391
3385 3391
3384 3391
3383 3391
3382 3391
3381 3391
3380 3391
3379 3391
3378 3391
3377 3391
3376 3391
3375 3391
3374 3391
3373 3391
3372 3391
3371 3391
3370 3391
3369 3391
3368 3391
3367 3391
3366 3391
3365 3391
3364 3391
3363 3391
3362 3391
3361 3391
3360 3391
3359 3391
3358 3391
3357 3391
3356 3391
3355 3391
3354 3391
3353 3391
3352 3391
3351 3391
3350 3391
3349 3391
3348 3391
3347 3391
3346 3391
3345 3391
3344 3391
3343 3391
3342 3391
3341 3391
