100
0 3449
1 3449
2 3449
3 3449
4 3449
5 3449
6 3449
7 3449
8 3449
9 3449
10 3449
11 3449
12 3449
13 3449
14 3449
15 3449
16 3449
17 3449
18 3449
19 3449
20 3449
21 3449
22 3449
23 3449
24 3449
25 3449
26 3449
27 3449
28 3449
29 3449
30 3449
31 3449
32 3449
33 3449
34 3449
35 3449
36 3449
37 3449
38 3449
39 3449
40 3449
41 3449
42 3449
43 3449
44 3449
45 3449
46 3449
47 3449
48 3449
49 3449
3448 3449
3447 3449
3446 3449
3445 3449
3444 3449
3443 3449
3442 3449
3441 3449
3440 3449
3439 3449
3438 3449
3437 3449
3436 3449
3435 3449
3434 3449
3433 3449
3432 3449
3431 3449
3430 3449
3429 3449
3428 3449
3427 3449
3426 3449
3425 3449
3424 3449
3423 3449
3422 3449
3421 3449
3420 3449
3419 3449
3418 3449
3417 3449
3416 3449
3415 3449
3414 3449
3413 3449
3412 3449
3411 3449
3410 3449
3409 3449
3408 3449
3407 3449
3406 3449
3405 3449
3404 3449
3403 3449
3402 3449
3401 3449
3400 3449
3399 3449
