100
0 3511
1 3511
2 3511
3 3511
4 3511
5 3511
6 3511
7 3511
8 3511
9 3511
10 3511
11 3511
12 3511
13 3511
14 3511
15 3511
16 3511
17 3511
18 3511
19 3511
20 3511
21 3511
22 3511
23 3511
24 3511
25 3511
26 3511
27 3511
28 3511
29 3511
30 3511
31 3511
32 3511
33 3511
34 3511
35 3511
36 3511
37 3511
38 3511
39 3511
40 3511
41 3511
42 3511
43 3511
44 3511
45 3511
46 3511
47 3511
48 3511
49 3511
3510 3511
3509 3511
3508 3511
3507 3511
3506 3511
3505 3511
3504 3511
3503 3511
3502 3511
3501 3511
3500 3511
3499 3511
3498 3511
3497 3511
3496 3511
3495 3511
3494 3511
3493 3511
3492 3511
3491 3511
3490 3511
3489 3511
3488 3511
3487 3511
3486 3511
3485 3511
3484 3511
3483 3511
3482 3511
3481 3511
3480 3511
3479 3511
3478 3511
3477 3511
3476 3511
3475 3511
3474 3511
3473 3511
3472 3511
3471 3511
3470 3511
3469 3511
3468 3511
3467 3511
3466 3511
3465 3511
3464 3511
3463 3511
3462 3511
3461 3511
