100
0 3371
1 3371
2 3371
3 3371
4 3371
5 3371
6 3371
7 3371
8 3371
9 3371
10 3371
11 3371
12 3371
13 3371
14 3371
15 3371
16 3371
17 3371
18 3371
19 3371
20 3371
21 3371
22 3371
23 3371
24 3371
25 3371
26 3371
27 3371
28 3371
29 3371
30 3371
31 3371
32 3371
33 3371
34 3371
35 3371
36 3371
37 3371
38 3371
39 3371
40 3371
41 3371
42 3371
43 3371
44 3371
45 3371
46 3371
47 3371
48 3371
49 3371
3370 3371
3369 3371
3368 3371
3367 3371
3366 3371
3365 3371
3364 3371
3363 3371
3362 3371
3361 3371
3360 3371
3359 3371
3358 3371
3357 3371
3356 3371
3355 3371
3354 3371
3353 3371
3352 3371
3351 3371
3350 3371
3349 3371
3348 3371
3347 3371
3346 3371
3345 3371
3344 3371
3343 3371
3342 3371
3341 3371
3340 3371
3339 3371
3338 3371
3337 3371
3336 3371
3335 3371
3334 3371
3333 3371
3332 3371
3331 3371
3330 3371
3329 3371
3328 3371
3327 3371
3326 3371
3325 3371
3324 3371
3323 3371
3322 3371
3321 3371
