100
0 3389
1 3389
2 3389
3 3389
4 3389
5 3389
6 3389
7 3389
8 3389
9 3389
10 3389
11 3389
12 3389
13 3389
14 3389
15 3389
16 3389
17 3389
18 3389
19 3389
20 3389
21 3389
22 3389
23 3389
24 3389
25 3389
26 3389
27 3389
28 3389
29 3389
30 3389
31 3389
32 3389
33 3389
34 3389
35 3389
36 3389
37 3389
38 3389
39 3389
40 3389
41 3389
42 3389
43 3389
44 3389
45 3389
46 3389
47 3389
48 3389
49 3389
3388 3389
3387 3389
3386 3389
3385 3389
3384 3389
3383 3389
3382 3389
3381 3389
3380 3389
3379 3389
3378 3389
3377 3389
3376 3389
3375 3389
3374 3389
3373 3389
3372 3389
3371 3389
3370 3389
3369 3389
3368 3389
3367 3389
3366 3389
3365 3389
3364 3389
3363 3389
3362 3389
3361 3389
3360 3389
3359 3389
3358 3389
3357 3389
3356 3389
3355 3389
3354 3389
3353 3389
3352 3389
3351 3389
3350 3389
3349 3389
3348 3389
3347 3389
3346 3389
3345 3389
3344 3389
3343 3389
3342 3389
3341 3389
3340 3389
3339 3389
