100
0 3461
1 3461
2 3461
3 3461
4 3461
5 3461
6 3461
7 3461
8 3461
9 3461
10 3461
11 3461
12 3461
13 3461
14 3461
15 3461
16 3461
17 3461
18 3461
19 3461
20 3461
21 3461
22 3461
23 3461
24 3461
25 3461
26 3461
27 3461
28 3461
29 3461
30 3461
31 3461
32 3461
33 3461
34 3461
35 3461
36 3461
37 3461
38 3461
39 3461
40 3461
41 3461
42 3461
43 3461
44 3461
45 3461
46 3461
47 3461
48 3461
49 3461
3460 3461
3459 3461
3458 3461
3457 3461
3456 3461
3455 3461
3454 3461
3453 3461
3452 3461
3451 3461
3450 3461
3449 3461
3448 3461
3447 3461
3446 3461
3445 3461
3444 3461
3443 3461
3442 3461
3441 3461
3440 3461
3439 3461
3438 3461
3437 3461
3436 3461
3435 3461
3434 3461
3433 3461
3432 3461
3431 3461
3430 3461
3429 3461
3428 3461
3427 3461
3426 3461
3425 3461
3424 3461
3423 3461
3422 3461
3421 3461
3420 3461
3419 3461
3418 3461
3417 3461
3416 3461
3415 3461
3414 3461
3413 3461
3412 3461
3411 3461
