100
0 191
1 191
2 191
3 191
4 191
5 191
6 191
7 191
8 191
9 191
10 191
11 191
12 191
13 191
14 191
15 191
16 191
17 191
18 191
19 191
20 191
21 191
22 191
23 191
24 191
25 191
26 191
27 191
28 191
29 191
30 191
31 191
32 191
33 191
34 191
35 191
36 191
37 191
38 191
39 191
40 191
41 191
42 191
43 191
44 191
45 191
46 191
47 191
48 191
49 191
190 191
189 191
188 191
187 191
186 191
185 191
184 191
183 191
182 191
181 191
180 191
179 191
178 191
177 191
176 191
175 191
174 191
173 191
172 191
171 191
170 191
169 191
168 191
167 191
166 191
165 191
164 191
163 191
162 191
161 191
160 191
159 191
158 191
157 191
156 191
155 191
154 191
153 191
152 191
151 191
150 191
149 191
148 191
147 191
146 191
145 191
144 191
143 191
142 191
141 191
