100
0 3491
1 3491
2 3491
3 3491
4 3491
5 3491
6 3491
7 3491
8 3491
9 3491
10 3491
11 3491
12 3491
13 3491
14 3491
15 3491
16 3491
17 3491
18 3491
19 3491
20 3491
21 3491
22 3491
23 3491
24 3491
25 3491
26 3491
27 3491
28 3491
29 3491
30 3491
31 3491
32 3491
33 3491
34 3491
35 3491
36 3491
37 3491
38 3491
39 3491
40 3491
41 3491
42 3491
43 3491
44 3491
45 3491
46 3491
47 3491
48 3491
49 3491
3490 3491
3489 3491
3488 3491
3487 3491
3486 3491
3485 3491
3484 3491
3483 3491
3482 3491
3481 3491
3480 3491
3479 3491
3478 3491
3477 3491
3476 3491
3475 3491
3474 3491
3473 3491
3472 3491
3471 3491
3470 3491
3469 3491
3468 3491
3467 3491
3466 3491
3465 3491
3464 3491
3463 3491
3462 3491
3461 3491
3460 3491
3459 3491
3458 3491
3457 3491
3456 3491
3455 3491
3454 3491
3453 3491
3452 3491
3451 3491
3450 3491
3449 3491
3448 3491
3447 3491
3446 3491
3445 3491
3444 3491
3443 3491
3442 3491
3441 3491
