100
0 3499
1 3499
2 3499
3 3499
4 3499
5 3499
6 3499
7 3499
8 3499
9 3499
10 3499
11 3499
12 3499
13 3499
14 3499
15 3499
16 3499
17 3499
18 3499
19 3499
20 3499
21 3499
22 3499
23 3499
24 3499
25 3499
26 3499
27 3499
28 3499
29 3499
30 3499
31 3499
32 3499
33 3499
34 3499
35 3499
36 3499
37 3499
38 3499
39 3499
40 3499
41 3499
42 3499
43 3499
44 3499
45 3499
46 3499
47 3499
48 3499
49 3499
3498 3499
3497 3499
3496 3499
3495 3499
3494 3499
3493 3499
3492 3499
3491 3499
3490 3499
3489 3499
3488 3499
3487 3499
3486 3499
3485 3499
3484 3499
3483 3499
3482 3499
3481 3499
3480 3499
3479 3499
3478 3499
3477 3499
3476 3499
3475 3499
3474 3499
3473 3499
3472 3499
3471 3499
3470 3499
3469 3499
3468 3499
3467 3499
3466 3499
3465 3499
3464 3499
3463 3499
3462 3499
3461 3499
3460 3499
3459 3499
3458 3499
3457 3499
3456 3499
3455 3499
3454 3499
3453 3499
3452 3499
3451 3499
3450 3499
3449 3499
