100
0 3469
1 3469
2 3469
3 3469
4 3469
5 3469
6 3469
7 3469
8 3469
9 3469
10 3469
11 3469
12 3469
13 3469
14 3469
15 3469
16 3469
17 3469
18 3469
19 3469
20 3469
21 3469
22 3469
23 3469
24 3469
25 3469
26 3469
27 3469
28 3469
29 3469
30 3469
31 3469
32 3469
33 3469
34 3469
35 3469
36 3469
37 3469
38 3469
39 3469
40 3469
41 3469
42 3469
43 3469
44 3469
45 3469
46 3469
47 3469
48 3469
49 3469
3468 3469
3467 3469
3466 3469
3465 3469
3464 3469
3463 3469
3462 3469
3461 3469
3460 3469
3459 3469
3458 3469
3457 3469
3456 3469
3455 3469
3454 3469
3453 3469
3452 3469
3451 3469
3450 3469
3449 3469
3448 3469
3447 3469
3446 3469
3445 3469
3444 3469
3443 3469
3442 3469
3441 3469
3440 3469
3439 3469
3438 3469
3437 3469
3436 3469
3435 3469
3434 3469
3433 3469
3432 3469
3431 3469
3430 3469
3429 3469
3428 3469
3427 3469
3426 3469
3425 3469
3424 3469
3423 3469
3422 3469
3421 3469
3420 3469
3419 3469
