100
0 3529
1 3529
2 3529
3 3529
4 3529
5 3529
6 3529
7 3529
8 3529
9 3529
10 3529
11 3529
12 3529
13 3529
14 3529
15 3529
16 3529
17 3529
18 3529
19 3529
20 3529
21 3529
22 3529
23 3529
24 3529
25 3529
26 3529
27 3529
28 3529
29 3529
30 3529
31 3529
32 3529
33 3529
34 3529
35 3529
36 3529
37 3529
38 3529
39 3529
40 3529
41 3529
42 3529
43 3529
44 3529
45 3529
46 3529
47 3529
48 3529
49 3529
3528 3529
3527 3529
3526 3529
3525 3529
3524 3529
3523 3529
3522 3529
3521 3529
3520 3529
3519 3529
3518 3529
3517 3529
3516 3529
3515 3529
3514 3529
3513 3529
3512 3529
3511 3529
3510 3529
3509 3529
3508 3529
3507 3529
3506 3529
3505 3529
3504 3529
3503 3529
3502 3529
3501 3529
3500 3529
3499 3529
3498 3529
3497 3529
3496 3529
3495 3529
3494 3529
3493 3529
3492 3529
3491 3529
3490 3529
3489 3529
3488 3529
3487 3529
3486 3529
3485 3529
3484 3529
3483 3529
3482 3529
3481 3529
3480 3529
3479 3529
