100
0 3691
1 3691
2 3691
3 3691
4 3691
5 3691
6 3691
7 3691
8 3691
9 3691
10 3691
11 3691
12 3691
13 3691
14 3691
15 3691
16 3691
17 3691
18 3691
19 3691
20 3691
21 3691
22 3691
23 3691
24 3691
25 3691
26 3691
27 3691
28 3691
29 3691
30 3691
31 3691
32 3691
33 3691
34 3691
35 3691
36 3691
37 3691
38 3691
39 3691
40 3691
41 3691
42 3691
43 3691
44 3691
45 3691
46 3691
47 3691
48 3691
49 3691
3690 3691
3689 3691
3688 3691
3687 3691
3686 3691
3685 3691
3684 3691
3683 3691
3682 3691
3681 3691
3680 3691
3679 3691
3678 3691
3677 3691
3676 3691
3675 3691
3674 3691
3673 3691
3672 3691
3671 3691
3670 3691
3669 3691
3668 3691
3667 3691
3666 3691
3665 3691
3664 3691
3663 3691
3662 3691
3661 3691
3660 3691
3659 3691
3658 3691
3657 3691
3656 3691
3655 3691
3654 3691
3653 3691
3652 3691
3651 3691
3650 3691
3649 3691
3648 3691
3647 3691
3646 3691
3645 3691
3644 3691
3643 3691
3642 3691
3641 3691
