100
0 3541
1 3541
2 3541
3 3541
4 3541
5 3541
6 3541
7 3541
8 3541
9 3541
10 3541
11 3541
12 3541
13 3541
14 3541
15 3541
16 3541
17 3541
18 3541
19 3541
20 3541
21 3541
22 3541
23 3541
24 3541
25 3541
26 3541
27 3541
28 3541
29 3541
30 3541
31 3541
32 3541
33 3541
34 3541
35 3541
36 3541
37 3541
38 3541
39 3541
40 3541
41 3541
42 3541
43 3541
44 3541
45 3541
46 3541
47 3541
48 3541
49 3541
3540 3541
3539 3541
3538 3541
3537 3541
3536 3541
3535 3541
3534 3541
3533 3541
3532 3541
3531 3541
3530 3541
3529 3541
3528 3541
3527 3541
3526 3541
3525 3541
3524 3541
3523 3541
3522 3541
3521 3541
3520 3541
3519 3541
3518 3541
3517 3541
3516 3541
3515 3541
3514 3541
3513 3541
3512 3541
3511 3541
3510 3541
3509 3541
3508 3541
3507 3541
3506 3541
3505 3541
3504 3541
3503 3541
3502 3541
3501 3541
3500 3541
3499 3541
3498 3541
3497 3541
3496 3541
3495 3541
3494 3541
3493 3541
3492 3541
3491 3541
