100
0 3539
1 3539
2 3539
3 3539
4 3539
5 3539
6 3539
7 3539
8 3539
9 3539
10 3539
11 3539
12 3539
13 3539
14 3539
15 3539
16 3539
17 3539
18 3539
19 3539
20 3539
21 3539
22 3539
23 3539
24 3539
25 3539
26 3539
27 3539
28 3539
29 3539
30 3539
31 3539
32 3539
33 3539
34 3539
35 3539
36 3539
37 3539
38 3539
39 3539
40 3539
41 3539
42 3539
43 3539
44 3539
45 3539
46 3539
47 3539
48 3539
49 3539
3538 3539
3537 3539
3536 3539
3535 3539
3534 3539
3533 3539
3532 3539
3531 3539
3530 3539
3529 3539
3528 3539
3527 3539
3526 3539
3525 3539
3524 3539
3523 3539
3522 3539
3521 3539
3520 3539
3519 3539
3518 3539
3517 3539
3516 3539
3515 3539
3514 3539
3513 3539
3512 3539
3511 3539
3510 3539
3509 3539
3508 3539
3507 3539
3506 3539
3505 3539
3504 3539
3503 3539
3502 3539
3501 3539
3500 3539
3499 3539
3498 3539
3497 3539
3496 3539
3495 3539
3494 3539
3493 3539
3492 3539
3491 3539
3490 3539
3489 3539
