100
0 3631
1 3631
2 3631
3 3631
4 3631
5 3631
6 3631
7 3631
8 3631
9 3631
10 3631
11 3631
12 3631
13 3631
14 3631
15 3631
16 3631
17 3631
18 3631
19 3631
20 3631
21 3631
22 3631
23 3631
24 3631
25 3631
26 3631
27 3631
28 3631
29 3631
30 3631
31 3631
32 3631
33 3631
34 3631
35 3631
36 3631
37 3631
38 3631
39 3631
40 3631
41 3631
42 3631
43 3631
44 3631
45 3631
46 3631
47 3631
48 3631
49 3631
3630 3631
3629 3631
3628 3631
3627 3631
3626 3631
3625 3631
3624 3631
3623 3631
3622 3631
3621 3631
3620 3631
3619 3631
3618 3631
3617 3631
3616 3631
3615 3631
3614 3631
3613 3631
3612 3631
3611 3631
3610 3631
3609 3631
3608 3631
3607 3631
3606 3631
3605 3631
3604 3631
3603 3631
3602 3631
3601 3631
3600 3631
3599 3631
3598 3631
3597 3631
3596 3631
3595 3631
3594 3631
3593 3631
3592 3631
3591 3631
3590 3631
3589 3631
3588 3631
3587 3631
3586 3631
3585 3631
3584 3631
3583 3631
3582 3631
3581 3631
