100
0 3581
1 3581
2 3581
3 3581
4 3581
5 3581
6 3581
7 3581
8 3581
9 3581
10 3581
11 3581
12 3581
13 3581
14 3581
15 3581
16 3581
17 3581
18 3581
19 3581
20 3581
21 3581
22 3581
23 3581
24 3581
25 3581
26 3581
27 3581
28 3581
29 3581
30 3581
31 3581
32 3581
33 3581
34 3581
35 3581
36 3581
37 3581
38 3581
39 3581
40 3581
41 3581
42 3581
43 3581
44 3581
45 3581
46 3581
47 3581
48 3581
49 3581
3580 3581
3579 3581
3578 3581
3577 3581
3576 3581
3575 3581
3574 3581
3573 3581
3572 3581
3571 3581
3570 3581
3569 3581
3568 3581
3567 3581
3566 3581
3565 3581
3564 3581
3563 3581
3562 3581
3561 3581
3560 3581
3559 3581
3558 3581
3557 3581
3556 3581
3555 3581
3554 3581
3553 3581
3552 3581
3551 3581
3550 3581
3549 3581
3548 3581
3547 3581
3546 3581
3545 3581
3544 3581
3543 3581
3542 3581
3541 3581
3540 3581
3539 3581
3538 3581
3537 3581
3536 3581
3535 3581
3534 3581
3533 3581
3532 3581
3531 3581
