100
0 3559
1 3559
2 3559
3 3559
4 3559
5 3559
6 3559
7 3559
8 3559
9 3559
10 3559
11 3559
12 3559
13 3559
14 3559
15 3559
16 3559
17 3559
18 3559
19 3559
20 3559
21 3559
22 3559
23 3559
24 3559
25 3559
26 3559
27 3559
28 3559
29 3559
30 3559
31 3559
32 3559
33 3559
34 3559
35 3559
36 3559
37 3559
38 3559
39 3559
40 3559
41 3559
42 3559
43 3559
44 3559
45 3559
46 3559
47 3559
48 3559
49 3559
3558 3559
3557 3559
3556 3559
3555 3559
3554 3559
3553 3559
3552 3559
3551 3559
3550 3559
3549 3559
3548 3559
3547 3559
3546 3559
3545 3559
3544 3559
3543 3559
3542 3559
3541 3559
3540 3559
3539 3559
3538 3559
3537 3559
3536 3559
3535 3559
3534 3559
3533 3559
3532 3559
3531 3559
3530 3559
3529 3559
3528 3559
3527 3559
3526 3559
3525 3559
3524 3559
3523 3559
3522 3559
3521 3559
3520 3559
3519 3559
3518 3559
3517 3559
3516 3559
3515 3559
3514 3559
3513 3559
3512 3559
3511 3559
3510 3559
3509 3559
