100
0 3671
1 3671
2 3671
3 3671
4 3671
5 3671
6 3671
7 3671
8 3671
9 3671
10 3671
11 3671
12 3671
13 3671
14 3671
15 3671
16 3671
17 3671
18 3671
19 3671
20 3671
21 3671
22 3671
23 3671
24 3671
25 3671
26 3671
27 3671
28 3671
29 3671
30 3671
31 3671
32 3671
33 3671
34 3671
35 3671
36 3671
37 3671
38 3671
39 3671
40 3671
41 3671
42 3671
43 3671
44 3671
45 3671
46 3671
47 3671
48 3671
49 3671
3670 3671
3669 3671
3668 3671
3667 3671
3666 3671
3665 3671
3664 3671
3663 3671
3662 3671
3661 3671
3660 3671
3659 3671
3658 3671
3657 3671
3656 3671
3655 3671
3654 3671
3653 3671
3652 3671
3651 3671
3650 3671
3649 3671
3648 3671
3647 3671
3646 3671
3645 3671
3644 3671
3643 3671
3642 3671
3641 3671
3640 3671
3639 3671
3638 3671
3637 3671
3636 3671
3635 3671
3634 3671
3633 3671
3632 3671
3631 3671
3630 3671
3629 3671
3628 3671
3627 3671
3626 3671
3625 3671
3624 3671
3623 3671
3622 3671
3621 3671
