100
0 3701
1 3701
2 3701
3 3701
4 3701
5 3701
6 3701
7 3701
8 3701
9 3701
10 3701
11 3701
12 3701
13 3701
14 3701
15 3701
16 3701
17 3701
18 3701
19 3701
20 3701
21 3701
22 3701
23 3701
24 3701
25 3701
26 3701
27 3701
28 3701
29 3701
30 3701
31 3701
32 3701
33 3701
34 3701
35 3701
36 3701
37 3701
38 3701
39 3701
40 3701
41 3701
42 3701
43 3701
44 3701
45 3701
46 3701
47 3701
48 3701
49 3701
3700 3701
3699 3701
3698 3701
3697 3701
3696 3701
3695 3701
3694 3701
3693 3701
3692 3701
3691 3701
3690 3701
3689 3701
3688 3701
3687 3701
3686 3701
3685 3701
3684 3701
3683 3701
3682 3701
3681 3701
3680 3701
3679 3701
3678 3701
3677 3701
3676 3701
3675 3701
3674 3701
3673 3701
3672 3701
3671 3701
3670 3701
3669 3701
3668 3701
3667 3701
3666 3701
3665 3701
3664 3701
3663 3701
3662 3701
3661 3701
3660 3701
3659 3701
3658 3701
3657 3701
3656 3701
3655 3701
3654 3701
3653 3701
3652 3701
3651 3701
