100
0 199
1 199
2 199
3 199
4 199
5 199
6 199
7 199
8 199
9 199
10 199
11 199
12 199
13 199
14 199
15 199
16 199
17 199
18 199
19 199
20 199
21 199
22 199
23 199
24 199
25 199
26 199
27 199
28 199
29 199
30 199
31 199
32 199
33 199
34 199
35 199
36 199
37 199
38 199
39 199
40 199
41 199
42 199
43 199
44 199
45 199
46 199
47 199
48 199
49 199
198 199
197 199
196 199
195 199
194 199
193 199
192 199
191 199
190 199
189 199
188 199
187 199
186 199
185 199
184 199
183 199
182 199
181 199
180 199
179 199
178 199
177 199
176 199
175 199
174 199
173 199
172 199
171 199
170 199
169 199
168 199
167 199
166 199
165 199
164 199
163 199
162 199
161 199
160 199
159 199
158 199
157 199
156 199
155 199
154 199
153 199
152 199
151 199
150 199
149 199
