100
0 3659
1 3659
2 3659
3 3659
4 3659
5 3659
6 3659
7 3659
8 3659
9 3659
10 3659
11 3659
12 3659
13 3659
14 3659
15 3659
16 3659
17 3659
18 3659
19 3659
20 3659
21 3659
22 3659
23 3659
24 3659
25 3659
26 3659
27 3659
28 3659
29 3659
30 3659
31 3659
32 3659
33 3659
34 3659
35 3659
36 3659
37 3659
38 3659
39 3659
40 3659
41 3659
42 3659
43 3659
44 3659
45 3659
46 3659
47 3659
48 3659
49 3659
3658 3659
3657 3659
3656 3659
3655 3659
3654 3659
3653 3659
3652 3659
3651 3659
3650 3659
3649 3659
3648 3659
3647 3659
3646 3659
3645 3659
3644 3659
3643 3659
3642 3659
3641 3659
3640 3659
3639 3659
3638 3659
3637 3659
3636 3659
3635 3659
3634 3659
3633 3659
3632 3659
3631 3659
3630 3659
3629 3659
3628 3659
3627 3659
3626 3659
3625 3659
3624 3659
3623 3659
3622 3659
3621 3659
3620 3659
3619 3659
3618 3659
3617 3659
3616 3659
3615 3659
3614 3659
3613 3659
3612 3659
3611 3659
3610 3659
3609 3659
