100
0 3719
1 3719
2 3719
3 3719
4 3719
5 3719
6 3719
7 3719
8 3719
9 3719
10 3719
11 3719
12 3719
13 3719
14 3719
15 3719
16 3719
17 3719
18 3719
19 3719
20 3719
21 3719
22 3719
23 3719
24 3719
25 3719
26 3719
27 3719
28 3719
29 3719
30 3719
31 3719
32 3719
33 3719
34 3719
35 3719
36 3719
37 3719
38 3719
39 3719
40 3719
41 3719
42 3719
43 3719
44 3719
45 3719
46 3719
47 3719
48 3719
49 3719
3718 3719
3717 3719
3716 3719
3715 3719
3714 3719
3713 3719
3712 3719
3711 3719
3710 3719
3709 3719
3708 3719
3707 3719
3706 3719
3705 3719
3704 3719
3703 3719
3702 3719
3701 3719
3700 3719
3699 3719
3698 3719
3697 3719
3696 3719
3695 3719
3694 3719
3693 3719
3692 3719
3691 3719
3690 3719
3689 3719
3688 3719
3687 3719
3686 3719
3685 3719
3684 3719
3683 3719
3682 3719
3681 3719
3680 3719
3679 3719
3678 3719
3677 3719
3676 3719
3675 3719
3674 3719
3673 3719
3672 3719
3671 3719
3670 3719
3669 3719
