100
0 3779
1 3779
2 3779
3 3779
4 3779
5 3779
6 3779
7 3779
8 3779
9 3779
10 3779
11 3779
12 3779
13 3779
14 3779
15 3779
16 3779
17 3779
18 3779
19 3779
20 3779
21 3779
22 3779
23 3779
24 3779
25 3779
26 3779
27 3779
28 3779
29 3779
30 3779
31 3779
32 3779
33 3779
34 3779
35 3779
36 3779
37 3779
38 3779
39 3779
40 3779
41 3779
42 3779
43 3779
44 3779
45 3779
46 3779
47 3779
48 3779
49 3779
3778 3779
3777 3779
3776 3779
3775 3779
3774 3779
3773 3779
3772 3779
3771 3779
3770 3779
3769 3779
3768 3779
3767 3779
3766 3779
3765 3779
3764 3779
3763 3779
3762 3779
3761 3779
3760 3779
3759 3779
3758 3779
3757 3779
3756 3779
3755 3779
3754 3779
3753 3779
3752 3779
3751 3779
3750 3779
3749 3779
3748 3779
3747 3779
3746 3779
3745 3779
3744 3779
3743 3779
3742 3779
3741 3779
3740 3779
3739 3779
3738 3779
3737 3779
3736 3779
3735 3779
3734 3779
3733 3779
3732 3779
3731 3779
3730 3779
3729 3779
