100
0 211
1 211
2 211
3 211
4 211
5 211
6 211
7 211
8 211
9 211
10 211
11 211
12 211
13 211
14 211
15 211
16 211
17 211
18 211
19 211
20 211
21 211
22 211
23 211
24 211
25 211
26 211
27 211
28 211
29 211
30 211
31 211
32 211
33 211
34 211
35 211
36 211
37 211
38 211
39 211
40 211
41 211
42 211
43 211
44 211
45 211
46 211
47 211
48 211
49 211
210 211
209 211
208 211
207 211
206 211
205 211
204 211
203 211
202 211
201 211
200 211
199 211
198 211
197 211
196 211
195 211
194 211
193 211
192 211
191 211
190 211
189 211
188 211
187 211
186 211
185 211
184 211
183 211
182 211
181 211
180 211
179 211
178 211
177 211
176 211
175 211
174 211
173 211
172 211
171 211
170 211
169 211
168 211
167 211
166 211
165 211
164 211
163 211
162 211
161 211
