100
0 3851
1 3851
2 3851
3 3851
4 3851
5 3851
6 3851
7 3851
8 3851
9 3851
10 3851
11 3851
12 3851
13 3851
14 3851
15 3851
16 3851
17 3851
18 3851
19 3851
20 3851
21 3851
22 3851
23 3851
24 3851
25 3851
26 3851
27 3851
28 3851
29 3851
30 3851
31 3851
32 3851
33 3851
34 3851
35 3851
36 3851
37 3851
38 3851
39 3851
40 3851
41 3851
42 3851
43 3851
44 3851
45 3851
46 3851
47 3851
48 3851
49 3851
3850 3851
3849 3851
3848 3851
3847 3851
3846 3851
3845 3851
3844 3851
3843 3851
3842 3851
3841 3851
3840 3851
3839 3851
3838 3851
3837 3851
3836 3851
3835 3851
3834 3851
3833 3851
3832 3851
3831 3851
3830 3851
3829 3851
3828 3851
3827 3851
3826 3851
3825 3851
3824 3851
3823 3851
3822 3851
3821 3851
3820 3851
3819 3851
3818 3851
3817 3851
3816 3851
3815 3851
3814 3851
3813 3851
3812 3851
3811 3851
3810 3851
3809 3851
3808 3851
3807 3851
3806 3851
3805 3851
3804 3851
3803 3851
3802 3851
3801 3851
