100
0 3769
1 3769
2 3769
3 3769
4 3769
5 3769
6 3769
7 3769
8 3769
9 3769
10 3769
11 3769
12 3769
13 3769
14 3769
15 3769
16 3769
17 3769
18 3769
19 3769
20 3769
21 3769
22 3769
23 3769
24 3769
25 3769
26 3769
27 3769
28 3769
29 3769
30 3769
31 3769
32 3769
33 3769
34 3769
35 3769
36 3769
37 3769
38 3769
39 3769
40 3769
41 3769
42 3769
43 3769
44 3769
45 3769
46 3769
47 3769
48 3769
49 3769
3768 3769
3767 3769
3766 3769
3765 3769
3764 3769
3763 3769
3762 3769
3761 3769
3760 3769
3759 3769
3758 3769
3757 3769
3756 3769
3755 3769
3754 3769
3753 3769
3752 3769
3751 3769
3750 3769
3749 3769
3748 3769
3747 3769
3746 3769
3745 3769
3744 3769
3743 3769
3742 3769
3741 3769
3740 3769
3739 3769
3738 3769
3737 3769
3736 3769
3735 3769
3734 3769
3733 3769
3732 3769
3731 3769
3730 3769
3729 3769
3728 3769
3727 3769
3726 3769
3725 3769
3724 3769
3723 3769
3722 3769
3721 3769
3720 3769
3719 3769
