100
0 3889
1 3889
2 3889
3 3889
4 3889
5 3889
6 3889
7 3889
8 3889
9 3889
10 3889
11 3889
12 3889
13 3889
14 3889
15 3889
16 3889
17 3889
18 3889
19 3889
20 3889
21 3889
22 3889
23 3889
24 3889
25 3889
26 3889
27 3889
28 3889
29 3889
30 3889
31 3889
32 3889
33 3889
34 3889
35 3889
36 3889
37 3889
38 3889
39 3889
40 3889
41 3889
42 3889
43 3889
44 3889
45 3889
46 3889
47 3889
48 3889
49 3889
3888 3889
3887 3889
3886 3889
3885 3889
3884 3889
3883 3889
3882 3889
3881 3889
3880 3889
3879 3889
3878 3889
3877 3889
3876 3889
3875 3889
3874 3889
3873 3889
3872 3889
3871 3889
3870 3889
3869 3889
3868 3889
3867 3889
3866 3889
3865 3889
3864 3889
3863 3889
3862 3889
3861 3889
3860 3889
3859 3889
3858 3889
3857 3889
3856 3889
3855 3889
3854 3889
3853 3889
3852 3889
3851 3889
3850 3889
3849 3889
3848 3889
3847 3889
3846 3889
3845 3889
3844 3889
3843 3889
3842 3889
3841 3889
3840 3889
3839 3889
