100
0 3821
1 3821
2 3821
3 3821
4 3821
5 3821
6 3821
7 3821
8 3821
9 3821
10 3821
11 3821
12 3821
13 3821
14 3821
15 3821
16 3821
17 3821
18 3821
19 3821
20 3821
21 3821
22 3821
23 3821
24 3821
25 3821
26 3821
27 3821
28 3821
29 3821
30 3821
31 3821
32 3821
33 3821
34 3821
35 3821
36 3821
37 3821
38 3821
39 3821
40 3821
41 3821
42 3821
43 3821
44 3821
45 3821
46 3821
47 3821
48 3821
49 3821
3820 3821
3819 3821
3818 3821
3817 3821
3816 3821
3815 3821
3814 3821
3813 3821
3812 3821
3811 3821
3810 3821
3809 3821
3808 3821
3807 3821
3806 3821
3805 3821
3804 3821
3803 3821
3802 3821
3801 3821
3800 3821
3799 3821
3798 3821
3797 3821
3796 3821
3795 3821
3794 3821
3793 3821
3792 3821
3791 3821
3790 3821
3789 3821
3788 3821
3787 3821
3786 3821
3785 3821
3784 3821
3783 3821
3782 3821
3781 3821
3780 3821
3779 3821
3778 3821
3777 3821
3776 3821
3775 3821
3774 3821
3773 3821
3772 3821
3771 3821
