100
0 3881
1 3881
2 3881
3 3881
4 3881
5 3881
6 3881
7 3881
8 3881
9 3881
10 3881
11 3881
12 3881
13 3881
14 3881
15 3881
16 3881
17 3881
18 3881
19 3881
20 3881
21 3881
22 3881
23 3881
24 3881
25 3881
26 3881
27 3881
28 3881
29 3881
30 3881
31 3881
32 3881
33 3881
34 3881
35 3881
36 3881
37 3881
38 3881
39 3881
40 3881
41 3881
42 3881
43 3881
44 3881
45 3881
46 3881
47 3881
48 3881
49 3881
3880 3881
3879 3881
3878 3881
3877 3881
3876 3881
3875 3881
3874 3881
3873 3881
3872 3881
3871 3881
3870 3881
3869 3881
3868 3881
3867 3881
3866 3881
3865 3881
3864 3881
3863 3881
3862 3881
3861 3881
3860 3881
3859 3881
3858 3881
3857 3881
3856 3881
3855 3881
3854 3881
3853 3881
3852 3881
3851 3881
3850 3881
3849 3881
3848 3881
3847 3881
3846 3881
3845 3881
3844 3881
3843 3881
3842 3881
3841 3881
3840 3881
3839 3881
3838 3881
3837 3881
3836 3881
3835 3881
3834 3881
3833 3881
3832 3881
3831 3881
