100
0 3761
1 3761
2 3761
3 3761
4 3761
5 3761
6 3761
7 3761
8 3761
9 3761
10 3761
11 3761
12 3761
13 3761
14 3761
15 3761
16 3761
17 3761
18 3761
19 3761
20 3761
21 3761
22 3761
23 3761
24 3761
25 3761
26 3761
27 3761
28 3761
29 3761
30 3761
31 3761
32 3761
33 3761
34 3761
35 3761
36 3761
37 3761
38 3761
39 3761
40 3761
41 3761
42 3761
43 3761
44 3761
45 3761
46 3761
47 3761
48 3761
49 3761
3760 3761
3759 3761
3758 3761
3757 3761
3756 3761
3755 3761
3754 3761
3753 3761
3752 3761
3751 3761
3750 3761
3749 3761
3748 3761
3747 3761
3746 3761
3745 3761
3744 3761
3743 3761
3742 3761
3741 3761
3740 3761
3739 3761
3738 3761
3737 3761
3736 3761
3735 3761
3734 3761
3733 3761
3732 3761
3731 3761
3730 3761
3729 3761
3728 3761
3727 3761
3726 3761
3725 3761
3724 3761
3723 3761
3722 3761
3721 3761
3720 3761
3719 3761
3718 3761
3717 3761
3716 3761
3715 3761
3714 3761
3713 3761
3712 3761
3711 3761
