100
0 3739
1 3739
2 3739
3 3739
4 3739
5 3739
6 3739
7 3739
8 3739
9 3739
10 3739
11 3739
12 3739
13 3739
14 3739
15 3739
16 3739
17 3739
18 3739
19 3739
20 3739
21 3739
22 3739
23 3739
24 3739
25 3739
26 3739
27 3739
28 3739
29 3739
30 3739
31 3739
32 3739
33 3739
34 3739
35 3739
36 3739
37 3739
38 3739
39 3739
40 3739
41 3739
42 3739
43 3739
44 3739
45 3739
46 3739
47 3739
48 3739
49 3739
3738 3739
3737 3739
3736 3739
3735 3739
3734 3739
3733 3739
3732 3739
3731 3739
3730 3739
3729 3739
3728 3739
3727 3739
3726 3739
3725 3739
3724 3739
3723 3739
3722 3739
3721 3739
3720 3739
3719 3739
3718 3739
3717 3739
3716 3739
3715 3739
3714 3739
3713 3739
3712 3739
3711 3739
3710 3739
3709 3739
3708 3739
3707 3739
3706 3739
3705 3739
3704 3739
3703 3739
3702 3739
3701 3739
3700 3739
3699 3739
3698 3739
3697 3739
3696 3739
3695 3739
3694 3739
3693 3739
3692 3739
3691 3739
3690 3739
3689 3739
