100
0 3709
1 3709
2 3709
3 3709
4 3709
5 3709
6 3709
7 3709
8 3709
9 3709
10 3709
11 3709
12 3709
13 3709
14 3709
15 3709
16 3709
17 3709
18 3709
19 3709
20 3709
21 3709
22 3709
23 3709
24 3709
25 3709
26 3709
27 3709
28 3709
29 3709
30 3709
31 3709
32 3709
33 3709
34 3709
35 3709
36 3709
37 3709
38 3709
39 3709
40 3709
41 3709
42 3709
43 3709
44 3709
45 3709
46 3709
47 3709
48 3709
49 3709
3708 3709
3707 3709
3706 3709
3705 3709
3704 3709
3703 3709
3702 3709
3701 3709
3700 3709
3699 3709
3698 3709
3697 3709
3696 3709
3695 3709
3694 3709
3693 3709
3692 3709
3691 3709
3690 3709
3689 3709
3688 3709
3687 3709
3686 3709
3685 3709
3684 3709
3683 3709
3682 3709
3681 3709
3680 3709
3679 3709
3678 3709
3677 3709
3676 3709
3675 3709
3674 3709
3673 3709
3672 3709
3671 3709
3670 3709
3669 3709
3668 3709
3667 3709
3666 3709
3665 3709
3664 3709
3663 3709
3662 3709
3661 3709
3660 3709
3659 3709
