100
0 3929
1 3929
2 3929
3 3929
4 3929
5 3929
6 3929
7 3929
8 3929
9 3929
10 3929
11 3929
12 3929
13 3929
14 3929
15 3929
16 3929
17 3929
18 3929
19 3929
20 3929
21 3929
22 3929
23 3929
24 3929
25 3929
26 3929
27 3929
28 3929
29 3929
30 3929
31 3929
32 3929
33 3929
34 3929
35 3929
36 3929
37 3929
38 3929
39 3929
40 3929
41 3929
42 3929
43 3929
44 3929
45 3929
46 3929
47 3929
48 3929
49 3929
3928 3929
3927 3929
3926 3929
3925 3929
3924 3929
3923 3929
3922 3929
3921 3929
3920 3929
3919 3929
3918 3929
3917 3929
3916 3929
3915 3929
3914 3929
3913 3929
3912 3929
3911 3929
3910 3929
3909 3929
3908 3929
3907 3929
3906 3929
3905 3929
3904 3929
3903 3929
3902 3929
3901 3929
3900 3929
3899 3929
3898 3929
3897 3929
3896 3929
3895 3929
3894 3929
3893 3929
3892 3929
3891 3929
3890 3929
3889 3929
3888 3929
3887 3929
3886 3929
3885 3929
3884 3929
3883 3929
3882 3929
3881 3929
3880 3929
3879 3929
