100
0 229
1 229
2 229
3 229
4 229
5 229
6 229
7 229
8 229
9 229
10 229
11 229
12 229
13 229
14 229
15 229
16 229
17 229
18 229
19 229
20 229
21 229
22 229
23 229
24 229
25 229
26 229
27 229
28 229
29 229
30 229
31 229
32 229
33 229
34 229
35 229
36 229
37 229
38 229
39 229
40 229
41 229
42 229
43 229
44 229
45 229
46 229
47 229
48 229
49 229
228 229
227 229
226 229
225 229
224 229
223 229
222 229
221 229
220 229
219 229
218 229
217 229
216 229
215 229
214 229
213 229
212 229
211 229
210 229
209 229
208 229
207 229
206 229
205 229
204 229
203 229
202 229
201 229
200 229
199 229
198 229
197 229
196 229
195 229
194 229
193 229
192 229
191 229
190 229
189 229
188 229
187 229
186 229
185 229
184 229
183 229
182 229
181 229
180 229
179 229
