100
0 4051
1 4051
2 4051
3 4051
4 4051
5 4051
6 4051
7 4051
8 4051
9 4051
10 4051
11 4051
12 4051
13 4051
14 4051
15 4051
16 4051
17 4051
18 4051
19 4051
20 4051
21 4051
22 4051
23 4051
24 4051
25 4051
26 4051
27 4051
28 4051
29 4051
30 4051
31 4051
32 4051
33 4051
34 4051
35 4051
36 4051
37 4051
38 4051
39 4051
40 4051
41 4051
42 4051
43 4051
44 4051
45 4051
46 4051
47 4051
48 4051
49 4051
4050 4051
4049 4051
4048 4051
4047 4051
4046 4051
4045 4051
4044 4051
4043 4051
4042 4051
4041 4051
4040 4051
4039 4051
4038 4051
4037 4051
4036 4051
4035 4051
4034 4051
4033 4051
4032 4051
4031 4051
4030 4051
4029 4051
4028 4051
4027 4051
4026 4051
4025 4051
4024 4051
4023 4051
4022 4051
4021 4051
4020 4051
4019 4051
4018 4051
4017 4051
4016 4051
4015 4051
4014 4051
4013 4051
4012 4051
4011 4051
4010 4051
4009 4051
4008 4051
4007 4051
4006 4051
4005 4051
4004 4051
4003 4051
4002 4051
4001 4051
