100
0 4049
1 4049
2 4049
3 4049
4 4049
5 4049
6 4049
7 4049
8 4049
9 4049
10 4049
11 4049
12 4049
13 4049
14 4049
15 4049
16 4049
17 4049
18 4049
19 4049
20 4049
21 4049
22 4049
23 4049
24 4049
25 4049
26 4049
27 4049
28 4049
29 4049
30 4049
31 4049
32 4049
33 4049
34 4049
35 4049
36 4049
37 4049
38 4049
39 4049
40 4049
41 4049
42 4049
43 4049
44 4049
45 4049
46 4049
47 4049
48 4049
49 4049
4048 4049
4047 4049
4046 4049
4045 4049
4044 4049
4043 4049
4042 4049
4041 4049
4040 4049
4039 4049
4038 4049
4037 4049
4036 4049
4035 4049
4034 4049
4033 4049
4032 4049
4031 4049
4030 4049
4029 4049
4028 4049
4027 4049
4026 4049
4025 4049
4024 4049
4023 4049
4022 4049
4021 4049
4020 4049
4019 4049
4018 4049
4017 4049
4016 4049
4015 4049
4014 4049
4013 4049
4012 4049
4011 4049
4010 4049
4009 4049
4008 4049
4007 4049
4006 4049
4005 4049
4004 4049
4003 4049
4002 4049
4001 4049
4000 4049
3999 4049
