100
0 4001
1 4001
2 4001
3 4001
4 4001
5 4001
6 4001
7 4001
8 4001
9 4001
10 4001
11 4001
12 4001
13 4001
14 4001
15 4001
16 4001
17 4001
18 4001
19 4001
20 4001
21 4001
22 4001
23 4001
24 4001
25 4001
26 4001
27 4001
28 4001
29 4001
30 4001
31 4001
32 4001
33 4001
34 4001
35 4001
36 4001
37 4001
38 4001
39 4001
40 4001
41 4001
42 4001
43 4001
44 4001
45 4001
46 4001
47 4001
48 4001
49 4001
4000 4001
3999 4001
3998 4001
3997 4001
3996 4001
3995 4001
3994 4001
3993 4001
3992 4001
3991 4001
3990 4001
3989 4001
3988 4001
3987 4001
3986 4001
3985 4001
3984 4001
3983 4001
3982 4001
3981 4001
3980 4001
3979 4001
3978 4001
3977 4001
3976 4001
3975 4001
3974 4001
3973 4001
3972 4001
3971 4001
3970 4001
3969 4001
3968 4001
3967 4001
3966 4001
3965 4001
3964 4001
3963 4001
3962 4001
3961 4001
3960 4001
3959 4001
3958 4001
3957 4001
3956 4001
3955 4001
3954 4001
3953 4001
3952 4001
3951 4001
