100
0 4021
1 4021
2 4021
3 4021
4 4021
5 4021
6 4021
7 4021
8 4021
9 4021
10 4021
11 4021
12 4021
13 4021
14 4021
15 4021
16 4021
17 4021
18 4021
19 4021
20 4021
21 4021
22 4021
23 4021
24 4021
25 4021
26 4021
27 4021
28 4021
29 4021
30 4021
31 4021
32 4021
33 4021
34 4021
35 4021
36 4021
37 4021
38 4021
39 4021
40 4021
41 4021
42 4021
43 4021
44 4021
45 4021
46 4021
47 4021
48 4021
49 4021
4020 4021
4019 4021
4018 4021
4017 4021
4016 4021
4015 4021
4014 4021
4013 4021
4012 4021
4011 4021
4010 4021
4009 4021
4008 4021
4007 4021
4006 4021
4005 4021
4004 4021
4003 4021
4002 4021
4001 4021
4000 4021
3999 4021
3998 4021
3997 4021
3996 4021
3995 4021
3994 4021
3993 4021
3992 4021
3991 4021
3990 4021
3989 4021
3988 4021
3987 4021
3986 4021
3985 4021
3984 4021
3983 4021
3982 4021
3981 4021
3980 4021
3979 4021
3978 4021
3977 4021
3976 4021
3975 4021
3974 4021
3973 4021
3972 4021
3971 4021
