100
0 4019
1 4019
2 4019
3 4019
4 4019
5 4019
6 4019
7 4019
8 4019
9 4019
10 4019
11 4019
12 4019
13 4019
14 4019
15 4019
16 4019
17 4019
18 4019
19 4019
20 4019
21 4019
22 4019
23 4019
24 4019
25 4019
26 4019
27 4019
28 4019
29 4019
30 4019
31 4019
32 4019
33 4019
34 4019
35 4019
36 4019
37 4019
38 4019
39 4019
40 4019
41 4019
42 4019
43 4019
44 4019
45 4019
46 4019
47 4019
48 4019
49 4019
4018 4019
4017 4019
4016 4019
4015 4019
4014 4019
4013 4019
4012 4019
4011 4019
4010 4019
4009 4019
4008 4019
4007 4019
4006 4019
4005 4019
4004 4019
4003 4019
4002 4019
4001 4019
4000 4019
3999 4019
3998 4019
3997 4019
3996 4019
3995 4019
3994 4019
3993 4019
3992 4019
3991 4019
3990 4019
3989 4019
3988 4019
3987 4019
3986 4019
3985 4019
3984 4019
3983 4019
3982 4019
3981 4019
3980 4019
3979 4019
3978 4019
3977 4019
3976 4019
3975 4019
3974 4019
3973 4019
3972 4019
3971 4019
3970 4019
3969 4019
