100
0 3989
1 3989
2 3989
3 3989
4 3989
5 3989
6 3989
7 3989
8 3989
9 3989
10 3989
11 3989
12 3989
13 3989
14 3989
15 3989
16 3989
17 3989
18 3989
19 3989
20 3989
21 3989
22 3989
23 3989
24 3989
25 3989
26 3989
27 3989
28 3989
29 3989
30 3989
31 3989
32 3989
33 3989
34 3989
35 3989
36 3989
37 3989
38 3989
39 3989
40 3989
41 3989
42 3989
43 3989
44 3989
45 3989
46 3989
47 3989
48 3989
49 3989
3988 3989
3987 3989
3986 3989
3985 3989
3984 3989
3983 3989
3982 3989
3981 3989
3980 3989
3979 3989
3978 3989
3977 3989
3976 3989
3975 3989
3974 3989
3973 3989
3972 3989
3971 3989
3970 3989
3969 3989
3968 3989
3967 3989
3966 3989
3965 3989
3964 3989
3963 3989
3962 3989
3961 3989
3960 3989
3959 3989
3958 3989
3957 3989
3956 3989
3955 3989
3954 3989
3953 3989
3952 3989
3951 3989
3950 3989
3949 3989
3948 3989
3947 3989
3946 3989
3945 3989
3944 3989
3943 3989
3942 3989
3941 3989
3940 3989
3939 3989
