100
0 3919
1 3919
2 3919
3 3919
4 3919
5 3919
6 3919
7 3919
8 3919
9 3919
10 3919
11 3919
12 3919
13 3919
14 3919
15 3919
16 3919
17 3919
18 3919
19 3919
20 3919
21 3919
22 3919
23 3919
24 3919
25 3919
26 3919
27 3919
28 3919
29 3919
30 3919
31 3919
32 3919
33 3919
34 3919
35 3919
36 3919
37 3919
38 3919
39 3919
40 3919
41 3919
42 3919
43 3919
44 3919
45 3919
46 3919
47 3919
48 3919
49 3919
3918 3919
3917 3919
3916 3919
3915 3919
3914 3919
3913 3919
3912 3919
3911 3919
3910 3919
3909 3919
3908 3919
3907 3919
3906 3919
3905 3919
3904 3919
3903 3919
3902 3919
3901 3919
3900 3919
3899 3919
3898 3919
3897 3919
3896 3919
3895 3919
3894 3919
3893 3919
3892 3919
3891 3919
3890 3919
3889 3919
3888 3919
3887 3919
3886 3919
3885 3919
3884 3919
3883 3919
3882 3919
3881 3919
3880 3919
3879 3919
3878 3919
3877 3919
3876 3919
3875 3919
3874 3919
3873 3919
3872 3919
3871 3919
3870 3919
3869 3919
