100
0 3931
1 3931
2 3931
3 3931
4 3931
5 3931
6 3931
7 3931
8 3931
9 3931
10 3931
11 3931
12 3931
13 3931
14 3931
15 3931
16 3931
17 3931
18 3931
19 3931
20 3931
21 3931
22 3931
23 3931
24 3931
25 3931
26 3931
27 3931
28 3931
29 3931
30 3931
31 3931
32 3931
33 3931
34 3931
35 3931
36 3931
37 3931
38 3931
39 3931
40 3931
41 3931
42 3931
43 3931
44 3931
45 3931
46 3931
47 3931
48 3931
49 3931
3930 3931
3929 3931
3928 3931
3927 3931
3926 3931
3925 3931
3924 3931
3923 3931
3922 3931
3921 3931
3920 3931
3919 3931
3918 3931
3917 3931
3916 3931
3915 3931
3914 3931
3913 3931
3912 3931
3911 3931
3910 3931
3909 3931
3908 3931
3907 3931
3906 3931
3905 3931
3904 3931
3903 3931
3902 3931
3901 3931
3900 3931
3899 3931
3898 3931
3897 3931
3896 3931
3895 3931
3894 3931
3893 3931
3892 3931
3891 3931
3890 3931
3889 3931
3888 3931
3887 3931
3886 3931
3885 3931
3884 3931
3883 3931
3882 3931
3881 3931
