100
0 3911
1 3911
2 3911
3 3911
4 3911
5 3911
6 3911
7 3911
8 3911
9 3911
10 3911
11 3911
12 3911
13 3911
14 3911
15 3911
16 3911
17 3911
18 3911
19 3911
20 3911
21 3911
22 3911
23 3911
24 3911
25 3911
26 3911
27 3911
28 3911
29 3911
30 3911
31 3911
32 3911
33 3911
34 3911
35 3911
36 3911
37 3911
38 3911
39 3911
40 3911
41 3911
42 3911
43 3911
44 3911
45 3911
46 3911
47 3911
48 3911
49 3911
3910 3911
3909 3911
3908 3911
3907 3911
3906 3911
3905 3911
3904 3911
3903 3911
3902 3911
3901 3911
3900 3911
3899 3911
3898 3911
3897 3911
3896 3911
3895 3911
3894 3911
3893 3911
3892 3911
3891 3911
3890 3911
3889 3911
3888 3911
3887 3911
3886 3911
3885 3911
3884 3911
3883 3911
3882 3911
3881 3911
3880 3911
3879 3911
3878 3911
3877 3911
3876 3911
3875 3911
3874 3911
3873 3911
3872 3911
3871 3911
3870 3911
3869 3911
3868 3911
3867 3911
3866 3911
3865 3911
3864 3911
3863 3911
3862 3911
3861 3911
