100
0 4159
1 4159
2 4159
3 4159
4 4159
5 4159
6 4159
7 4159
8 4159
9 4159
10 4159
11 4159
12 4159
13 4159
14 4159
15 4159
16 4159
17 4159
18 4159
19 4159
20 4159
21 4159
22 4159
23 4159
24 4159
25 4159
26 4159
27 4159
28 4159
29 4159
30 4159
31 4159
32 4159
33 4159
34 4159
35 4159
36 4159
37 4159
38 4159
39 4159
40 4159
41 4159
42 4159
43 4159
44 4159
45 4159
46 4159
47 4159
48 4159
49 4159
4158 4159
4157 4159
4156 4159
4155 4159
4154 4159
4153 4159
4152 4159
4151 4159
4150 4159
4149 4159
4148 4159
4147 4159
4146 4159
4145 4159
4144 4159
4143 4159
4142 4159
4141 4159
4140 4159
4139 4159
4138 4159
4137 4159
4136 4159
4135 4159
4134 4159
4133 4159
4132 4159
4131 4159
4130 4159
4129 4159
4128 4159
4127 4159
4126 4159
4125 4159
4124 4159
4123 4159
4122 4159
4121 4159
4120 4159
4119 4159
4118 4159
4117 4159
4116 4159
4115 4159
4114 4159
4113 4159
4112 4159
4111 4159
4110 4159
4109 4159
