100
0 4211
1 4211
2 4211
3 4211
4 4211
5 4211
6 4211
7 4211
8 4211
9 4211
10 4211
11 4211
12 4211
13 4211
14 4211
15 4211
16 4211
17 4211
18 4211
19 4211
20 4211
21 4211
22 4211
23 4211
24 4211
25 4211
26 4211
27 4211
28 4211
29 4211
30 4211
31 4211
32 4211
33 4211
34 4211
35 4211
36 4211
37 4211
38 4211
39 4211
40 4211
41 4211
42 4211
43 4211
44 4211
45 4211
46 4211
47 4211
48 4211
49 4211
4210 4211
4209 4211
4208 4211
4207 4211
4206 4211
4205 4211
4204 4211
4203 4211
4202 4211
4201 4211
4200 4211
4199 4211
4198 4211
4197 4211
4196 4211
4195 4211
4194 4211
4193 4211
4192 4211
4191 4211
4190 4211
4189 4211
4188 4211
4187 4211
4186 4211
4185 4211
4184 4211
4183 4211
4182 4211
4181 4211
4180 4211
4179 4211
4178 4211
4177 4211
4176 4211
4175 4211
4174 4211
4173 4211
4172 4211
4171 4211
4170 4211
4169 4211
4168 4211
4167 4211
4166 4211
4165 4211
4164 4211
4163 4211
4162 4211
4161 4211
