100
0 4201
1 4201
2 4201
3 4201
4 4201
5 4201
6 4201
7 4201
8 4201
9 4201
10 4201
11 4201
12 4201
13 4201
14 4201
15 4201
16 4201
17 4201
18 4201
19 4201
20 4201
21 4201
22 4201
23 4201
24 4201
25 4201
26 4201
27 4201
28 4201
29 4201
30 4201
31 4201
32 4201
33 4201
34 4201
35 4201
36 4201
37 4201
38 4201
39 4201
40 4201
41 4201
42 4201
43 4201
44 4201
45 4201
46 4201
47 4201
48 4201
49 4201
4200 4201
4199 4201
4198 4201
4197 4201
4196 4201
4195 4201
4194 4201
4193 4201
4192 4201
4191 4201
4190 4201
4189 4201
4188 4201
4187 4201
4186 4201
4185 4201
4184 4201
4183 4201
4182 4201
4181 4201
4180 4201
4179 4201
4178 4201
4177 4201
4176 4201
4175 4201
4174 4201
4173 4201
4172 4201
4171 4201
4170 4201
4169 4201
4168 4201
4167 4201
4166 4201
4165 4201
4164 4201
4163 4201
4162 4201
4161 4201
4160 4201
4159 4201
4158 4201
4157 4201
4156 4201
4155 4201
4154 4201
4153 4201
4152 4201
4151 4201
