100
0 4079
1 4079
2 4079
3 4079
4 4079
5 4079
6 4079
7 4079
8 4079
9 4079
10 4079
11 4079
12 4079
13 4079
14 4079
15 4079
16 4079
17 4079
18 4079
19 4079
20 4079
21 4079
22 4079
23 4079
24 4079
25 4079
26 4079
27 4079
28 4079
29 4079
30 4079
31 4079
32 4079
33 4079
34 4079
35 4079
36 4079
37 4079
38 4079
39 4079
40 4079
41 4079
42 4079
43 4079
44 4079
45 4079
46 4079
47 4079
48 4079
49 4079
4078 4079
4077 4079
4076 4079
4075 4079
4074 4079
4073 4079
4072 4079
4071 4079
4070 4079
4069 4079
4068 4079
4067 4079
4066 4079
4065 4079
4064 4079
4063 4079
4062 4079
4061 4079
4060 4079
4059 4079
4058 4079
4057 4079
4056 4079
4055 4079
4054 4079
4053 4079
4052 4079
4051 4079
4050 4079
4049 4079
4048 4079
4047 4079
4046 4079
4045 4079
4044 4079
4043 4079
4042 4079
4041 4079
4040 4079
4039 4079
4038 4079
4037 4079
4036 4079
4035 4079
4034 4079
4033 4079
4032 4079
4031 4079
4030 4079
4029 4079
