100
0 4091
1 4091
2 4091
3 4091
4 4091
5 4091
6 4091
7 4091
8 4091
9 4091
10 4091
11 4091
12 4091
13 4091
14 4091
15 4091
16 4091
17 4091
18 4091
19 4091
20 4091
21 4091
22 4091
23 4091
24 4091
25 4091
26 4091
27 4091
28 4091
29 4091
30 4091
31 4091
32 4091
33 4091
34 4091
35 4091
36 4091
37 4091
38 4091
39 4091
40 4091
41 4091
42 4091
43 4091
44 4091
45 4091
46 4091
47 4091
48 4091
49 4091
4090 4091
4089 4091
4088 4091
4087 4091
4086 4091
4085 4091
4084 4091
4083 4091
4082 4091
4081 4091
4080 4091
4079 4091
4078 4091
4077 4091
4076 4091
4075 4091
4074 4091
4073 4091
4072 4091
4071 4091
4070 4091
4069 4091
4068 4091
4067 4091
4066 4091
4065 4091
4064 4091
4063 4091
4062 4091
4061 4091
4060 4091
4059 4091
4058 4091
4057 4091
4056 4091
4055 4091
4054 4091
4053 4091
4052 4091
4051 4091
4050 4091
4049 4091
4048 4091
4047 4091
4046 4091
4045 4091
4044 4091
4043 4091
4042 4091
4041 4091
