100
0 4111
1 4111
2 4111
3 4111
4 4111
5 4111
6 4111
7 4111
8 4111
9 4111
10 4111
11 4111
12 4111
13 4111
14 4111
15 4111
16 4111
17 4111
18 4111
19 4111
20 4111
21 4111
22 4111
23 4111
24 4111
25 4111
26 4111
27 4111
28 4111
29 4111
30 4111
31 4111
32 4111
33 4111
34 4111
35 4111
36 4111
37 4111
38 4111
39 4111
40 4111
41 4111
42 4111
43 4111
44 4111
45 4111
46 4111
47 4111
48 4111
49 4111
4110 4111
4109 4111
4108 4111
4107 4111
4106 4111
4105 4111
4104 4111
4103 4111
4102 4111
4101 4111
4100 4111
4099 4111
4098 4111
4097 4111
4096 4111
4095 4111
4094 4111
4093 4111
4092 4111
4091 4111
4090 4111
4089 4111
4088 4111
4087 4111
4086 4111
4085 4111
4084 4111
4083 4111
4082 4111
4081 4111
4080 4111
4079 4111
4078 4111
4077 4111
4076 4111
4075 4111
4074 4111
4073 4111
4072 4111
4071 4111
4070 4111
4069 4111
4068 4111
4067 4111
4066 4111
4065 4111
4064 4111
4063 4111
4062 4111
4061 4111
