100
0 4139
1 4139
2 4139
3 4139
4 4139
5 4139
6 4139
7 4139
8 4139
9 4139
10 4139
11 4139
12 4139
13 4139
14 4139
15 4139
16 4139
17 4139
18 4139
19 4139
20 4139
21 4139
22 4139
23 4139
24 4139
25 4139
26 4139
27 4139
28 4139
29 4139
30 4139
31 4139
32 4139
33 4139
34 4139
35 4139
36 4139
37 4139
38 4139
39 4139
40 4139
41 4139
42 4139
43 4139
44 4139
45 4139
46 4139
47 4139
48 4139
49 4139
4138 4139
4137 4139
4136 4139
4135 4139
4134 4139
4133 4139
4132 4139
4131 4139
4130 4139
4129 4139
4128 4139
4127 4139
4126 4139
4125 4139
4124 4139
4123 4139
4122 4139
4121 4139
4120 4139
4119 4139
4118 4139
4117 4139
4116 4139
4115 4139
4114 4139
4113 4139
4112 4139
4111 4139
4110 4139
4109 4139
4108 4139
4107 4139
4106 4139
4105 4139
4104 4139
4103 4139
4102 4139
4101 4139
4100 4139
4099 4139
4098 4139
4097 4139
4096 4139
4095 4139
4094 4139
4093 4139
4092 4139
4091 4139
4090 4139
4089 4139
