100
0 4219
1 4219
2 4219
3 4219
4 4219
5 4219
6 4219
7 4219
8 4219
9 4219
10 4219
11 4219
12 4219
13 4219
14 4219
15 4219
16 4219
17 4219
18 4219
19 4219
20 4219
21 4219
22 4219
23 4219
24 4219
25 4219
26 4219
27 4219
28 4219
29 4219
30 4219
31 4219
32 4219
33 4219
34 4219
35 4219
36 4219
37 4219
38 4219
39 4219
40 4219
41 4219
42 4219
43 4219
44 4219
45 4219
46 4219
47 4219
48 4219
49 4219
4218 4219
4217 4219
4216 4219
4215 4219
4214 4219
4213 4219
4212 4219
4211 4219
4210 4219
4209 4219
4208 4219
4207 4219
4206 4219
4205 4219
4204 4219
4203 4219
4202 4219
4201 4219
4200 4219
4199 4219
4198 4219
4197 4219
4196 4219
4195 4219
4194 4219
4193 4219
4192 4219
4191 4219
4190 4219
4189 4219
4188 4219
4187 4219
4186 4219
4185 4219
4184 4219
4183 4219
4182 4219
4181 4219
4180 4219
4179 4219
4178 4219
4177 4219
4176 4219
4175 4219
4174 4219
4173 4219
4172 4219
4171 4219
4170 4219
4169 4219
