100
0 4129
1 4129
2 4129
3 4129
4 4129
5 4129
6 4129
7 4129
8 4129
9 4129
10 4129
11 4129
12 4129
13 4129
14 4129
15 4129
16 4129
17 4129
18 4129
19 4129
20 4129
21 4129
22 4129
23 4129
24 4129
25 4129
26 4129
27 4129
28 4129
29 4129
30 4129
31 4129
32 4129
33 4129
34 4129
35 4129
36 4129
37 4129
38 4129
39 4129
40 4129
41 4129
42 4129
43 4129
44 4129
45 4129
46 4129
47 4129
48 4129
49 4129
4128 4129
4127 4129
4126 4129
4125 4129
4124 4129
4123 4129
4122 4129
4121 4129
4120 4129
4119 4129
4118 4129
4117 4129
4116 4129
4115 4129
4114 4129
4113 4129
4112 4129
4111 4129
4110 4129
4109 4129
4108 4129
4107 4129
4106 4129
4105 4129
4104 4129
4103 4129
4102 4129
4101 4129
4100 4129
4099 4129
4098 4129
4097 4129
4096 4129
4095 4129
4094 4129
4093 4129
4092 4129
4091 4129
4090 4129
4089 4129
4088 4129
4087 4129
4086 4129
4085 4129
4084 4129
4083 4129
4082 4129
4081 4129
4080 4129
4079 4129
