100
0 4099
1 4099
2 4099
3 4099
4 4099
5 4099
6 4099
7 4099
8 4099
9 4099
10 4099
11 4099
12 4099
13 4099
14 4099
15 4099
16 4099
17 4099
18 4099
19 4099
20 4099
21 4099
22 4099
23 4099
24 4099
25 4099
26 4099
27 4099
28 4099
29 4099
30 4099
31 4099
32 4099
33 4099
34 4099
35 4099
36 4099
37 4099
38 4099
39 4099
40 4099
41 4099
42 4099
43 4099
44 4099
45 4099
46 4099
47 4099
48 4099
49 4099
4098 4099
4097 4099
4096 4099
4095 4099
4094 4099
4093 4099
4092 4099
4091 4099
4090 4099
4089 4099
4088 4099
4087 4099
4086 4099
4085 4099
4084 4099
4083 4099
4082 4099
4081 4099
4080 4099
4079 4099
4078 4099
4077 4099
4076 4099
4075 4099
4074 4099
4073 4099
4072 4099
4071 4099
4070 4099
4069 4099
4068 4099
4067 4099
4066 4099
4065 4099
4064 4099
4063 4099
4062 4099
4061 4099
4060 4099
4059 4099
4058 4099
4057 4099
4056 4099
4055 4099
4054 4099
4053 4099
4052 4099
4051 4099
4050 4099
4049 4099
