100
0 239
1 239
2 239
3 239
4 239
5 239
6 239
7 239
8 239
9 239
10 239
11 239
12 239
13 239
14 239
15 239
16 239
17 239
18 239
19 239
20 239
21 239
22 239
23 239
24 239
25 239
26 239
27 239
28 239
29 239
30 239
31 239
32 239
33 239
34 239
35 239
36 239
37 239
38 239
39 239
40 239
41 239
42 239
43 239
44 239
45 239
46 239
47 239
48 239
49 239
238 239
237 239
236 239
235 239
234 239
233 239
232 239
231 239
230 239
229 239
228 239
227 239
226 239
225 239
224 239
223 239
222 239
221 239
220 239
219 239
218 239
217 239
216 239
215 239
214 239
213 239
212 239
211 239
210 239
209 239
208 239
207 239
206 239
205 239
204 239
203 239
202 239
201 239
200 239
199 239
198 239
197 239
196 239
195 239
194 239
193 239
192 239
191 239
190 239
189 239
