100
0 4229
1 4229
2 4229
3 4229
4 4229
5 4229
6 4229
7 4229
8 4229
9 4229
10 4229
11 4229
12 4229
13 4229
14 4229
15 4229
16 4229
17 4229
18 4229
19 4229
20 4229
21 4229
22 4229
23 4229
24 4229
25 4229
26 4229
27 4229
28 4229
29 4229
30 4229
31 4229
32 4229
33 4229
34 4229
35 4229
36 4229
37 4229
38 4229
39 4229
40 4229
41 4229
42 4229
43 4229
44 4229
45 4229
46 4229
47 4229
48 4229
49 4229
4228 4229
4227 4229
4226 4229
4225 4229
4224 4229
4223 4229
4222 4229
4221 4229
4220 4229
4219 4229
4218 4229
4217 4229
4216 4229
4215 4229
4214 4229
4213 4229
4212 4229
4211 4229
4210 4229
4209 4229
4208 4229
4207 4229
4206 4229
4205 4229
4204 4229
4203 4229
4202 4229
4201 4229
4200 4229
4199 4229
4198 4229
4197 4229
4196 4229
4195 4229
4194 4229
4193 4229
4192 4229
4191 4229
4190 4229
4189 4229
4188 4229
4187 4229
4186 4229
4185 4229
4184 4229
4183 4229
4182 4229
4181 4229
4180 4229
4179 4229
