100
0 4271
1 4271
2 4271
3 4271
4 4271
5 4271
6 4271
7 4271
8 4271
9 4271
10 4271
11 4271
12 4271
13 4271
14 4271
15 4271
16 4271
17 4271
18 4271
19 4271
20 4271
21 4271
22 4271
23 4271
24 4271
25 4271
26 4271
27 4271
28 4271
29 4271
30 4271
31 4271
32 4271
33 4271
34 4271
35 4271
36 4271
37 4271
38 4271
39 4271
40 4271
41 4271
42 4271
43 4271
44 4271
45 4271
46 4271
47 4271
48 4271
49 4271
4270 4271
4269 4271
4268 4271
4267 4271
4266 4271
4265 4271
4264 4271
4263 4271
4262 4271
4261 4271
4260 4271
4259 4271
4258 4271
4257 4271
4256 4271
4255 4271
4254 4271
4253 4271
4252 4271
4251 4271
4250 4271
4249 4271
4248 4271
4247 4271
4246 4271
4245 4271
4244 4271
4243 4271
4242 4271
4241 4271
4240 4271
4239 4271
4238 4271
4237 4271
4236 4271
4235 4271
4234 4271
4233 4271
4232 4271
4231 4271
4230 4271
4229 4271
4228 4271
4227 4271
4226 4271
4225 4271
4224 4271
4223 4271
4222 4271
4221 4271
