100
0 4391
1 4391
2 4391
3 4391
4 4391
5 4391
6 4391
7 4391
8 4391
9 4391
10 4391
11 4391
12 4391
13 4391
14 4391
15 4391
16 4391
17 4391
18 4391
19 4391
20 4391
21 4391
22 4391
23 4391
24 4391
25 4391
26 4391
27 4391
28 4391
29 4391
30 4391
31 4391
32 4391
33 4391
34 4391
35 4391
36 4391
37 4391
38 4391
39 4391
40 4391
41 4391
42 4391
43 4391
44 4391
45 4391
46 4391
47 4391
48 4391
49 4391
4390 4391
4389 4391
4388 4391
4387 4391
4386 4391
4385 4391
4384 4391
4383 4391
4382 4391
4381 4391
4380 4391
4379 4391
4378 4391
4377 4391
4376 4391
4375 4391
4374 4391
4373 4391
4372 4391
4371 4391
4370 4391
4369 4391
4368 4391
4367 4391
4366 4391
4365 4391
4364 4391
4363 4391
4362 4391
4361 4391
4360 4391
4359 4391
4358 4391
4357 4391
4356 4391
4355 4391
4354 4391
4353 4391
4352 4391
4351 4391
4350 4391
4349 4391
4348 4391
4347 4391
4346 4391
4345 4391
4344 4391
4343 4391
4342 4391
4341 4391
