100
0 4339
1 4339
2 4339
3 4339
4 4339
5 4339
6 4339
7 4339
8 4339
9 4339
10 4339
11 4339
12 4339
13 4339
14 4339
15 4339
16 4339
17 4339
18 4339
19 4339
20 4339
21 4339
22 4339
23 4339
24 4339
25 4339
26 4339
27 4339
28 4339
29 4339
30 4339
31 4339
32 4339
33 4339
34 4339
35 4339
36 4339
37 4339
38 4339
39 4339
40 4339
41 4339
42 4339
43 4339
44 4339
45 4339
46 4339
47 4339
48 4339
49 4339
4338 4339
4337 4339
4336 4339
4335 4339
4334 4339
4333 4339
4332 4339
4331 4339
4330 4339
4329 4339
4328 4339
4327 4339
4326 4339
4325 4339
4324 4339
4323 4339
4322 4339
4321 4339
4320 4339
4319 4339
4318 4339
4317 4339
4316 4339
4315 4339
4314 4339
4313 4339
4312 4339
4311 4339
4310 4339
4309 4339
4308 4339
4307 4339
4306 4339
4305 4339
4304 4339
4303 4339
4302 4339
4301 4339
4300 4339
4299 4339
4298 4339
4297 4339
4296 4339
4295 4339
4294 4339
4293 4339
4292 4339
4291 4339
4290 4339
4289 4339
