100
0 4241
1 4241
2 4241
3 4241
4 4241
5 4241
6 4241
7 4241
8 4241
9 4241
10 4241
11 4241
12 4241
13 4241
14 4241
15 4241
16 4241
17 4241
18 4241
19 4241
20 4241
21 4241
22 4241
23 4241
24 4241
25 4241
26 4241
27 4241
28 4241
29 4241
30 4241
31 4241
32 4241
33 4241
34 4241
35 4241
36 4241
37 4241
38 4241
39 4241
40 4241
41 4241
42 4241
43 4241
44 4241
45 4241
46 4241
47 4241
48 4241
49 4241
4240 4241
4239 4241
4238 4241
4237 4241
4236 4241
4235 4241
4234 4241
4233 4241
4232 4241
4231 4241
4230 4241
4229 4241
4228 4241
4227 4241
4226 4241
4225 4241
4224 4241
4223 4241
4222 4241
4221 4241
4220 4241
4219 4241
4218 4241
4217 4241
4216 4241
4215 4241
4214 4241
4213 4241
4212 4241
4211 4241
4210 4241
4209 4241
4208 4241
4207 4241
4206 4241
4205 4241
4204 4241
4203 4241
4202 4241
4201 4241
4200 4241
4199 4241
4198 4241
4197 4241
4196 4241
4195 4241
4194 4241
4193 4241
4192 4241
4191 4241
