100
0 241
1 241
2 241
3 241
4 241
5 241
6 241
7 241
8 241
9 241
10 241
11 241
12 241
13 241
14 241
15 241
16 241
17 241
18 241
19 241
20 241
21 241
22 241
23 241
24 241
25 241
26 241
27 241
28 241
29 241
30 241
31 241
32 241
33 241
34 241
35 241
36 241
37 241
38 241
39 241
40 241
41 241
42 241
43 241
44 241
45 241
46 241
47 241
48 241
49 241
240 241
239 241
238 241
237 241
236 241
235 241
234 241
233 241
232 241
231 241
230 241
229 241
228 241
227 241
226 241
225 241
224 241
223 241
222 241
221 241
220 241
219 241
218 241
217 241
216 241
215 241
214 241
213 241
212 241
211 241
210 241
209 241
208 241
207 241
206 241
205 241
204 241
203 241
202 241
201 241
200 241
199 241
198 241
197 241
196 241
195 241
194 241
193 241
192 241
191 241
