100
0 4289
1 4289
2 4289
3 4289
4 4289
5 4289
6 4289
7 4289
8 4289
9 4289
10 4289
11 4289
12 4289
13 4289
14 4289
15 4289
16 4289
17 4289
18 4289
19 4289
20 4289
21 4289
22 4289
23 4289
24 4289
25 4289
26 4289
27 4289
28 4289
29 4289
30 4289
31 4289
32 4289
33 4289
34 4289
35 4289
36 4289
37 4289
38 4289
39 4289
40 4289
41 4289
42 4289
43 4289
44 4289
45 4289
46 4289
47 4289
48 4289
49 4289
4288 4289
4287 4289
4286 4289
4285 4289
4284 4289
4283 4289
4282 4289
4281 4289
4280 4289
4279 4289
4278 4289
4277 4289
4276 4289
4275 4289
4274 4289
4273 4289
4272 4289
4271 4289
4270 4289
4269 4289
4268 4289
4267 4289
4266 4289
4265 4289
4264 4289
4263 4289
4262 4289
4261 4289
4260 4289
4259 4289
4258 4289
4257 4289
4256 4289
4255 4289
4254 4289
4253 4289
4252 4289
4251 4289
4250 4289
4249 4289
4248 4289
4247 4289
4246 4289
4245 4289
4244 4289
4243 4289
4242 4289
4241 4289
4240 4289
4239 4289
