100
0 4261
1 4261
2 4261
3 4261
4 4261
5 4261
6 4261
7 4261
8 4261
9 4261
10 4261
11 4261
12 4261
13 4261
14 4261
15 4261
16 4261
17 4261
18 4261
19 4261
20 4261
21 4261
22 4261
23 4261
24 4261
25 4261
26 4261
27 4261
28 4261
29 4261
30 4261
31 4261
32 4261
33 4261
34 4261
35 4261
36 4261
37 4261
38 4261
39 4261
40 4261
41 4261
42 4261
43 4261
44 4261
45 4261
46 4261
47 4261
48 4261
49 4261
4260 4261
4259 4261
4258 4261
4257 4261
4256 4261
4255 4261
4254 4261
4253 4261
4252 4261
4251 4261
4250 4261
4249 4261
4248 4261
4247 4261
4246 4261
4245 4261
4244 4261
4243 4261
4242 4261
4241 4261
4240 4261
4239 4261
4238 4261
4237 4261
4236 4261
4235 4261
4234 4261
4233 4261
4232 4261
4231 4261
4230 4261
4229 4261
4228 4261
4227 4261
4226 4261
4225 4261
4224 4261
4223 4261
4222 4261
4221 4261
4220 4261
4219 4261
4218 4261
4217 4261
4216 4261
4215 4261
4214 4261
4213 4261
4212 4261
4211 4261
