100
0 4349
1 4349
2 4349
3 4349
4 4349
5 4349
6 4349
7 4349
8 4349
9 4349
10 4349
11 4349
12 4349
13 4349
14 4349
15 4349
16 4349
17 4349
18 4349
19 4349
20 4349
21 4349
22 4349
23 4349
24 4349
25 4349
26 4349
27 4349
28 4349
29 4349
30 4349
31 4349
32 4349
33 4349
34 4349
35 4349
36 4349
37 4349
38 4349
39 4349
40 4349
41 4349
42 4349
43 4349
44 4349
45 4349
46 4349
47 4349
48 4349
49 4349
4348 4349
4347 4349
4346 4349
4345 4349
4344 4349
4343 4349
4342 4349
4341 4349
4340 4349
4339 4349
4338 4349
4337 4349
4336 4349
4335 4349
4334 4349
4333 4349
4332 4349
4331 4349
4330 4349
4329 4349
4328 4349
4327 4349
4326 4349
4325 4349
4324 4349
4323 4349
4322 4349
4321 4349
4320 4349
4319 4349
4318 4349
4317 4349
4316 4349
4315 4349
4314 4349
4313 4349
4312 4349
4311 4349
4310 4349
4309 4349
4308 4349
4307 4349
4306 4349
4305 4349
4304 4349
4303 4349
4302 4349
4301 4349
4300 4349
4299 4349
