100
0 4259
1 4259
2 4259
3 4259
4 4259
5 4259
6 4259
7 4259
8 4259
9 4259
10 4259
11 4259
12 4259
13 4259
14 4259
15 4259
16 4259
17 4259
18 4259
19 4259
20 4259
21 4259
22 4259
23 4259
24 4259
25 4259
26 4259
27 4259
28 4259
29 4259
30 4259
31 4259
32 4259
33 4259
34 4259
35 4259
36 4259
37 4259
38 4259
39 4259
40 4259
41 4259
42 4259
43 4259
44 4259
45 4259
46 4259
47 4259
48 4259
49 4259
4258 4259
4257 4259
4256 4259
4255 4259
4254 4259
4253 4259
4252 4259
4251 4259
4250 4259
4249 4259
4248 4259
4247 4259
4246 4259
4245 4259
4244 4259
4243 4259
4242 4259
4241 4259
4240 4259
4239 4259
4238 4259
4237 4259
4236 4259
4235 4259
4234 4259
4233 4259
4232 4259
4231 4259
4230 4259
4229 4259
4228 4259
4227 4259
4226 4259
4225 4259
4224 4259
4223 4259
4222 4259
4221 4259
4220 4259
4219 4259
4218 4259
4217 4259
4216 4259
4215 4259
4214 4259
4213 4259
4212 4259
4211 4259
4210 4259
4209 4259
