100
0 4231
1 4231
2 4231
3 4231
4 4231
5 4231
6 4231
7 4231
8 4231
9 4231
10 4231
11 4231
12 4231
13 4231
14 4231
15 4231
16 4231
17 4231
18 4231
19 4231
20 4231
21 4231
22 4231
23 4231
24 4231
25 4231
26 4231
27 4231
28 4231
29 4231
30 4231
31 4231
32 4231
33 4231
34 4231
35 4231
36 4231
37 4231
38 4231
39 4231
40 4231
41 4231
42 4231
43 4231
44 4231
45 4231
46 4231
47 4231
48 4231
49 4231
4230 4231
4229 4231
4228 4231
4227 4231
4226 4231
4225 4231
4224 4231
4223 4231
4222 4231
4221 4231
4220 4231
4219 4231
4218 4231
4217 4231
4216 4231
4215 4231
4214 4231
4213 4231
4212 4231
4211 4231
4210 4231
4209 4231
4208 4231
4207 4231
4206 4231
4205 4231
4204 4231
4203 4231
4202 4231
4201 4231
4200 4231
4199 4231
4198 4231
4197 4231
4196 4231
4195 4231
4194 4231
4193 4231
4192 4231
4191 4231
4190 4231
4189 4231
4188 4231
4187 4231
4186 4231
4185 4231
4184 4231
4183 4231
4182 4231
4181 4231
