100
0 4451
1 4451
2 4451
3 4451
4 4451
5 4451
6 4451
7 4451
8 4451
9 4451
10 4451
11 4451
12 4451
13 4451
14 4451
15 4451
16 4451
17 4451
18 4451
19 4451
20 4451
21 4451
22 4451
23 4451
24 4451
25 4451
26 4451
27 4451
28 4451
29 4451
30 4451
31 4451
32 4451
33 4451
34 4451
35 4451
36 4451
37 4451
38 4451
39 4451
40 4451
41 4451
42 4451
43 4451
44 4451
45 4451
46 4451
47 4451
48 4451
49 4451
4450 4451
4449 4451
4448 4451
4447 4451
4446 4451
4445 4451
4444 4451
4443 4451
4442 4451
4441 4451
4440 4451
4439 4451
4438 4451
4437 4451
4436 4451
4435 4451
4434 4451
4433 4451
4432 4451
4431 4451
4430 4451
4429 4451
4428 4451
4427 4451
4426 4451
4425 4451
4424 4451
4423 4451
4422 4451
4421 4451
4420 4451
4419 4451
4418 4451
4417 4451
4416 4451
4415 4451
4414 4451
4413 4451
4412 4451
4411 4451
4410 4451
4409 4451
4408 4451
4407 4451
4406 4451
4405 4451
4404 4451
4403 4451
4402 4451
4401 4451
