100
0 4591
1 4591
2 4591
3 4591
4 4591
5 4591
6 4591
7 4591
8 4591
9 4591
10 4591
11 4591
12 4591
13 4591
14 4591
15 4591
16 4591
17 4591
18 4591
19 4591
20 4591
21 4591
22 4591
23 4591
24 4591
25 4591
26 4591
27 4591
28 4591
29 4591
30 4591
31 4591
32 4591
33 4591
34 4591
35 4591
36 4591
37 4591
38 4591
39 4591
40 4591
41 4591
42 4591
43 4591
44 4591
45 4591
46 4591
47 4591
48 4591
49 4591
4590 4591
4589 4591
4588 4591
4587 4591
4586 4591
4585 4591
4584 4591
4583 4591
4582 4591
4581 4591
4580 4591
4579 4591
4578 4591
4577 4591
4576 4591
4575 4591
4574 4591
4573 4591
4572 4591
4571 4591
4570 4591
4569 4591
4568 4591
4567 4591
4566 4591
4565 4591
4564 4591
4563 4591
4562 4591
4561 4591
4560 4591
4559 4591
4558 4591
4557 4591
4556 4591
4555 4591
4554 4591
4553 4591
4552 4591
4551 4591
4550 4591
4549 4591
4548 4591
4547 4591
4546 4591
4545 4591
4544 4591
4543 4591
4542 4591
4541 4591
