100
0 4421
1 4421
2 4421
3 4421
4 4421
5 4421
6 4421
7 4421
8 4421
9 4421
10 4421
11 4421
12 4421
13 4421
14 4421
15 4421
16 4421
17 4421
18 4421
19 4421
20 4421
21 4421
22 4421
23 4421
24 4421
25 4421
26 4421
27 4421
28 4421
29 4421
30 4421
31 4421
32 4421
33 4421
34 4421
35 4421
36 4421
37 4421
38 4421
39 4421
40 4421
41 4421
42 4421
43 4421
44 4421
45 4421
46 4421
47 4421
48 4421
49 4421
4420 4421
4419 4421
4418 4421
4417 4421
4416 4421
4415 4421
4414 4421
4413 4421
4412 4421
4411 4421
4410 4421
4409 4421
4408 4421
4407 4421
4406 4421
4405 4421
4404 4421
4403 4421
4402 4421
4401 4421
4400 4421
4399 4421
4398 4421
4397 4421
4396 4421
4395 4421
4394 4421
4393 4421
4392 4421
4391 4421
4390 4421
4389 4421
4388 4421
4387 4421
4386 4421
4385 4421
4384 4421
4383 4421
4382 4421
4381 4421
4380 4421
4379 4421
4378 4421
4377 4421
4376 4421
4375 4421
4374 4421
4373 4421
4372 4421
4371 4421
