100
0 4481
1 4481
2 4481
3 4481
4 4481
5 4481
6 4481
7 4481
8 4481
9 4481
10 4481
11 4481
12 4481
13 4481
14 4481
15 4481
16 4481
17 4481
18 4481
19 4481
20 4481
21 4481
22 4481
23 4481
24 4481
25 4481
26 4481
27 4481
28 4481
29 4481
30 4481
31 4481
32 4481
33 4481
34 4481
35 4481
36 4481
37 4481
38 4481
39 4481
40 4481
41 4481
42 4481
43 4481
44 4481
45 4481
46 4481
47 4481
48 4481
49 4481
4480 4481
4479 4481
4478 4481
4477 4481
4476 4481
4475 4481
4474 4481
4473 4481
4472 4481
4471 4481
4470 4481
4469 4481
4468 4481
4467 4481
4466 4481
4465 4481
4464 4481
4463 4481
4462 4481
4461 4481
4460 4481
4459 4481
4458 4481
4457 4481
4456 4481
4455 4481
4454 4481
4453 4481
4452 4481
4451 4481
4450 4481
4449 4481
4448 4481
4447 4481
4446 4481
4445 4481
4444 4481
4443 4481
4442 4481
4441 4481
4440 4481
4439 4481
4438 4481
4437 4481
4436 4481
4435 4481
4434 4481
4433 4481
4432 4481
4431 4481
