100
0 251
1 251
2 251
3 251
4 251
5 251
6 251
7 251
8 251
9 251
10 251
11 251
12 251
13 251
14 251
15 251
16 251
17 251
18 251
19 251
20 251
21 251
22 251
23 251
24 251
25 251
26 251
27 251
28 251
29 251
30 251
31 251
32 251
33 251
34 251
35 251
36 251
37 251
38 251
39 251
40 251
41 251
42 251
43 251
44 251
45 251
46 251
47 251
48 251
49 251
250 251
249 251
248 251
247 251
246 251
245 251
244 251
243 251
242 251
241 251
240 251
239 251
238 251
237 251
236 251
235 251
234 251
233 251
232 251
231 251
230 251
229 251
228 251
227 251
226 251
225 251
224 251
223 251
222 251
221 251
220 251
219 251
218 251
217 251
216 251
215 251
214 251
213 251
212 251
211 251
210 251
209 251
208 251
207 251
206 251
205 251
204 251
203 251
202 251
201 251
