100
0 4561
1 4561
2 4561
3 4561
4 4561
5 4561
6 4561
7 4561
8 4561
9 4561
10 4561
11 4561
12 4561
13 4561
14 4561
15 4561
16 4561
17 4561
18 4561
19 4561
20 4561
21 4561
22 4561
23 4561
24 4561
25 4561
26 4561
27 4561
28 4561
29 4561
30 4561
31 4561
32 4561
33 4561
34 4561
35 4561
36 4561
37 4561
38 4561
39 4561
40 4561
41 4561
42 4561
43 4561
44 4561
45 4561
46 4561
47 4561
48 4561
49 4561
4560 4561
4559 4561
4558 4561
4557 4561
4556 4561
4555 4561
4554 4561
4553 4561
4552 4561
4551 4561
4550 4561
4549 4561
4548 4561
4547 4561
4546 4561
4545 4561
4544 4561
4543 4561
4542 4561
4541 4561
4540 4561
4539 4561
4538 4561
4537 4561
4536 4561
4535 4561
4534 4561
4533 4561
4532 4561
4531 4561
4530 4561
4529 4561
4528 4561
4527 4561
4526 4561
4525 4561
4524 4561
4523 4561
4522 4561
4521 4561
4520 4561
4519 4561
4518 4561
4517 4561
4516 4561
4515 4561
4514 4561
4513 4561
4512 4561
4511 4561
