100
0 4519
1 4519
2 4519
3 4519
4 4519
5 4519
6 4519
7 4519
8 4519
9 4519
10 4519
11 4519
12 4519
13 4519
14 4519
15 4519
16 4519
17 4519
18 4519
19 4519
20 4519
21 4519
22 4519
23 4519
24 4519
25 4519
26 4519
27 4519
28 4519
29 4519
30 4519
31 4519
32 4519
33 4519
34 4519
35 4519
36 4519
37 4519
38 4519
39 4519
40 4519
41 4519
42 4519
43 4519
44 4519
45 4519
46 4519
47 4519
48 4519
49 4519
4518 4519
4517 4519
4516 4519
4515 4519
4514 4519
4513 4519
4512 4519
4511 4519
4510 4519
4509 4519
4508 4519
4507 4519
4506 4519
4505 4519
4504 4519
4503 4519
4502 4519
4501 4519
4500 4519
4499 4519
4498 4519
4497 4519
4496 4519
4495 4519
4494 4519
4493 4519
4492 4519
4491 4519
4490 4519
4489 4519
4488 4519
4487 4519
4486 4519
4485 4519
4484 4519
4483 4519
4482 4519
4481 4519
4480 4519
4479 4519
4478 4519
4477 4519
4476 4519
4475 4519
4474 4519
4473 4519
4472 4519
4471 4519
4470 4519
4469 4519
