100
0 4441
1 4441
2 4441
3 4441
4 4441
5 4441
6 4441
7 4441
8 4441
9 4441
10 4441
11 4441
12 4441
13 4441
14 4441
15 4441
16 4441
17 4441
18 4441
19 4441
20 4441
21 4441
22 4441
23 4441
24 4441
25 4441
26 4441
27 4441
28 4441
29 4441
30 4441
31 4441
32 4441
33 4441
34 4441
35 4441
36 4441
37 4441
38 4441
39 4441
40 4441
41 4441
42 4441
43 4441
44 4441
45 4441
46 4441
47 4441
48 4441
49 4441
4440 4441
4439 4441
4438 4441
4437 4441
4436 4441
4435 4441
4434 4441
4433 4441
4432 4441
4431 4441
4430 4441
4429 4441
4428 4441
4427 4441
4426 4441
4425 4441
4424 4441
4423 4441
4422 4441
4421 4441
4420 4441
4419 4441
4418 4441
4417 4441
4416 4441
4415 4441
4414 4441
4413 4441
4412 4441
4411 4441
4410 4441
4409 4441
4408 4441
4407 4441
4406 4441
4405 4441
4404 4441
4403 4441
4402 4441
4401 4441
4400 4441
4399 4441
4398 4441
4397 4441
4396 4441
4395 4441
4394 4441
4393 4441
4392 4441
4391 4441
