100
0 4549
1 4549
2 4549
3 4549
4 4549
5 4549
6 4549
7 4549
8 4549
9 4549
10 4549
11 4549
12 4549
13 4549
14 4549
15 4549
16 4549
17 4549
18 4549
19 4549
20 4549
21 4549
22 4549
23 4549
24 4549
25 4549
26 4549
27 4549
28 4549
29 4549
30 4549
31 4549
32 4549
33 4549
34 4549
35 4549
36 4549
37 4549
38 4549
39 4549
40 4549
41 4549
42 4549
43 4549
44 4549
45 4549
46 4549
47 4549
48 4549
49 4549
4548 4549
4547 4549
4546 4549
4545 4549
4544 4549
4543 4549
4542 4549
4541 4549
4540 4549
4539 4549
4538 4549
4537 4549
4536 4549
4535 4549
4534 4549
4533 4549
4532 4549
4531 4549
4530 4549
4529 4549
4528 4549
4527 4549
4526 4549
4525 4549
4524 4549
4523 4549
4522 4549
4521 4549
4520 4549
4519 4549
4518 4549
4517 4549
4516 4549
4515 4549
4514 4549
4513 4549
4512 4549
4511 4549
4510 4549
4509 4549
4508 4549
4507 4549
4506 4549
4505 4549
4504 4549
4503 4549
4502 4549
4501 4549
4500 4549
4499 4549
