100
0 4621
1 4621
2 4621
3 4621
4 4621
5 4621
6 4621
7 4621
8 4621
9 4621
10 4621
11 4621
12 4621
13 4621
14 4621
15 4621
16 4621
17 4621
18 4621
19 4621
20 4621
21 4621
22 4621
23 4621
24 4621
25 4621
26 4621
27 4621
28 4621
29 4621
30 4621
31 4621
32 4621
33 4621
34 4621
35 4621
36 4621
37 4621
38 4621
39 4621
40 4621
41 4621
42 4621
43 4621
44 4621
45 4621
46 4621
47 4621
48 4621
49 4621
4620 4621
4619 4621
4618 4621
4617 4621
4616 4621
4615 4621
4614 4621
4613 4621
4612 4621
4611 4621
4610 4621
4609 4621
4608 4621
4607 4621
4606 4621
4605 4621
4604 4621
4603 4621
4602 4621
4601 4621
4600 4621
4599 4621
4598 4621
4597 4621
4596 4621
4595 4621
4594 4621
4593 4621
4592 4621
4591 4621
4590 4621
4589 4621
4588 4621
4587 4621
4586 4621
4585 4621
4584 4621
4583 4621
4582 4621
4581 4621
4580 4621
4579 4621
4578 4621
4577 4621
4576 4621
4575 4621
4574 4621
4573 4621
4572 4621
4571 4621
