100
0 4409
1 4409
2 4409
3 4409
4 4409
5 4409
6 4409
7 4409
8 4409
9 4409
10 4409
11 4409
12 4409
13 4409
14 4409
15 4409
16 4409
17 4409
18 4409
19 4409
20 4409
21 4409
22 4409
23 4409
24 4409
25 4409
26 4409
27 4409
28 4409
29 4409
30 4409
31 4409
32 4409
33 4409
34 4409
35 4409
36 4409
37 4409
38 4409
39 4409
40 4409
41 4409
42 4409
43 4409
44 4409
45 4409
46 4409
47 4409
48 4409
49 4409
4408 4409
4407 4409
4406 4409
4405 4409
4404 4409
4403 4409
4402 4409
4401 4409
4400 4409
4399 4409
4398 4409
4397 4409
4396 4409
4395 4409
4394 4409
4393 4409
4392 4409
4391 4409
4390 4409
4389 4409
4388 4409
4387 4409
4386 4409
4385 4409
4384 4409
4383 4409
4382 4409
4381 4409
4380 4409
4379 4409
4378 4409
4377 4409
4376 4409
4375 4409
4374 4409
4373 4409
4372 4409
4371 4409
4370 4409
4369 4409
4368 4409
4367 4409
4366 4409
4365 4409
4364 4409
4363 4409
4362 4409
4361 4409
4360 4409
4359 4409
