100
0 4651
1 4651
2 4651
3 4651
4 4651
5 4651
6 4651
7 4651
8 4651
9 4651
10 4651
11 4651
12 4651
13 4651
14 4651
15 4651
16 4651
17 4651
18 4651
19 4651
20 4651
21 4651
22 4651
23 4651
24 4651
25 4651
26 4651
27 4651
28 4651
29 4651
30 4651
31 4651
32 4651
33 4651
34 4651
35 4651
36 4651
37 4651
38 4651
39 4651
40 4651
41 4651
42 4651
43 4651
44 4651
45 4651
46 4651
47 4651
48 4651
49 4651
4650 4651
4649 4651
4648 4651
4647 4651
4646 4651
4645 4651
4644 4651
4643 4651
4642 4651
4641 4651
4640 4651
4639 4651
4638 4651
4637 4651
4636 4651
4635 4651
4634 4651
4633 4651
4632 4651
4631 4651
4630 4651
4629 4651
4628 4651
4627 4651
4626 4651
4625 4651
4624 4651
4623 4651
4622 4651
4621 4651
4620 4651
4619 4651
4618 4651
4617 4651
4616 4651
4615 4651
4614 4651
4613 4651
4612 4651
4611 4651
4610 4651
4609 4651
4608 4651
4607 4651
4606 4651
4605 4651
4604 4651
4603 4651
4602 4651
4601 4651
