100
0 4789
1 4789
2 4789
3 4789
4 4789
5 4789
6 4789
7 4789
8 4789
9 4789
10 4789
11 4789
12 4789
13 4789
14 4789
15 4789
16 4789
17 4789
18 4789
19 4789
20 4789
21 4789
22 4789
23 4789
24 4789
25 4789
26 4789
27 4789
28 4789
29 4789
30 4789
31 4789
32 4789
33 4789
34 4789
35 4789
36 4789
37 4789
38 4789
39 4789
40 4789
41 4789
42 4789
43 4789
44 4789
45 4789
46 4789
47 4789
48 4789
49 4789
4788 4789
4787 4789
4786 4789
4785 4789
4784 4789
4783 4789
4782 4789
4781 4789
4780 4789
4779 4789
4778 4789
4777 4789
4776 4789
4775 4789
4774 4789
4773 4789
4772 4789
4771 4789
4770 4789
4769 4789
4768 4789
4767 4789
4766 4789
4765 4789
4764 4789
4763 4789
4762 4789
4761 4789
4760 4789
4759 4789
4758 4789
4757 4789
4756 4789
4755 4789
4754 4789
4753 4789
4752 4789
4751 4789
4750 4789
4749 4789
4748 4789
4747 4789
4746 4789
4745 4789
4744 4789
4743 4789
4742 4789
4741 4789
4740 4789
4739 4789
