100
0 4759
1 4759
2 4759
3 4759
4 4759
5 4759
6 4759
7 4759
8 4759
9 4759
10 4759
11 4759
12 4759
13 4759
14 4759
15 4759
16 4759
17 4759
18 4759
19 4759
20 4759
21 4759
22 4759
23 4759
24 4759
25 4759
26 4759
27 4759
28 4759
29 4759
30 4759
31 4759
32 4759
33 4759
34 4759
35 4759
36 4759
37 4759
38 4759
39 4759
40 4759
41 4759
42 4759
43 4759
44 4759
45 4759
46 4759
47 4759
48 4759
49 4759
4758 4759
4757 4759
4756 4759
4755 4759
4754 4759
4753 4759
4752 4759
4751 4759
4750 4759
4749 4759
4748 4759
4747 4759
4746 4759
4745 4759
4744 4759
4743 4759
4742 4759
4741 4759
4740 4759
4739 4759
4738 4759
4737 4759
4736 4759
4735 4759
4734 4759
4733 4759
4732 4759
4731 4759
4730 4759
4729 4759
4728 4759
4727 4759
4726 4759
4725 4759
4724 4759
4723 4759
4722 4759
4721 4759
4720 4759
4719 4759
4718 4759
4717 4759
4716 4759
4715 4759
4714 4759
4713 4759
4712 4759
4711 4759
4710 4759
4709 4759
