100
0 4649
1 4649
2 4649
3 4649
4 4649
5 4649
6 4649
7 4649
8 4649
9 4649
10 4649
11 4649
12 4649
13 4649
14 4649
15 4649
16 4649
17 4649
18 4649
19 4649
20 4649
21 4649
22 4649
23 4649
24 4649
25 4649
26 4649
27 4649
28 4649
29 4649
30 4649
31 4649
32 4649
33 4649
34 4649
35 4649
36 4649
37 4649
38 4649
39 4649
40 4649
41 4649
42 4649
43 4649
44 4649
45 4649
46 4649
47 4649
48 4649
49 4649
4648 4649
4647 4649
4646 4649
4645 4649
4644 4649
4643 4649
4642 4649
4641 4649
4640 4649
4639 4649
4638 4649
4637 4649
4636 4649
4635 4649
4634 4649
4633 4649
4632 4649
4631 4649
4630 4649
4629 4649
4628 4649
4627 4649
4626 4649
4625 4649
4624 4649
4623 4649
4622 4649
4621 4649
4620 4649
4619 4649
4618 4649
4617 4649
4616 4649
4615 4649
4614 4649
4613 4649
4612 4649
4611 4649
4610 4649
4609 4649
4608 4649
4607 4649
4606 4649
4605 4649
4604 4649
4603 4649
4602 4649
4601 4649
4600 4649
4599 4649
