100
0 269
1 269
2 269
3 269
4 269
5 269
6 269
7 269
8 269
9 269
10 269
11 269
12 269
13 269
14 269
15 269
16 269
17 269
18 269
19 269
20 269
21 269
22 269
23 269
24 269
25 269
26 269
27 269
28 269
29 269
30 269
31 269
32 269
33 269
34 269
35 269
36 269
37 269
38 269
39 269
40 269
41 269
42 269
43 269
44 269
45 269
46 269
47 269
48 269
49 269
268 269
267 269
266 269
265 269
264 269
263 269
262 269
261 269
260 269
259 269
258 269
257 269
256 269
255 269
254 269
253 269
252 269
251 269
250 269
249 269
248 269
247 269
246 269
245 269
244 269
243 269
242 269
241 269
240 269
239 269
238 269
237 269
236 269
235 269
234 269
233 269
232 269
231 269
230 269
229 269
228 269
227 269
226 269
225 269
224 269
223 269
222 269
221 269
220 269
219 269
