100
0 4679
1 4679
2 4679
3 4679
4 4679
5 4679
6 4679
7 4679
8 4679
9 4679
10 4679
11 4679
12 4679
13 4679
14 4679
15 4679
16 4679
17 4679
18 4679
19 4679
20 4679
21 4679
22 4679
23 4679
24 4679
25 4679
26 4679
27 4679
28 4679
29 4679
30 4679
31 4679
32 4679
33 4679
34 4679
35 4679
36 4679
37 4679
38 4679
39 4679
40 4679
41 4679
42 4679
43 4679
44 4679
45 4679
46 4679
47 4679
48 4679
49 4679
4678 4679
4677 4679
4676 4679
4675 4679
4674 4679
4673 4679
4672 4679
4671 4679
4670 4679
4669 4679
4668 4679
4667 4679
4666 4679
4665 4679
4664 4679
4663 4679
4662 4679
4661 4679
4660 4679
4659 4679
4658 4679
4657 4679
4656 4679
4655 4679
4654 4679
4653 4679
4652 4679
4651 4679
4650 4679
4649 4679
4648 4679
4647 4679
4646 4679
4645 4679
4644 4679
4643 4679
4642 4679
4641 4679
4640 4679
4639 4679
4638 4679
4637 4679
4636 4679
4635 4679
4634 4679
4633 4679
4632 4679
4631 4679
4630 4679
4629 4679
