100
0 4721
1 4721
2 4721
3 4721
4 4721
5 4721
6 4721
7 4721
8 4721
9 4721
10 4721
11 4721
12 4721
13 4721
14 4721
15 4721
16 4721
17 4721
18 4721
19 4721
20 4721
21 4721
22 4721
23 4721
24 4721
25 4721
26 4721
27 4721
28 4721
29 4721
30 4721
31 4721
32 4721
33 4721
34 4721
35 4721
36 4721
37 4721
38 4721
39 4721
40 4721
41 4721
42 4721
43 4721
44 4721
45 4721
46 4721
47 4721
48 4721
49 4721
4720 4721
4719 4721
4718 4721
4717 4721
4716 4721
4715 4721
4714 4721
4713 4721
4712 4721
4711 4721
4710 4721
4709 4721
4708 4721
4707 4721
4706 4721
4705 4721
4704 4721
4703 4721
4702 4721
4701 4721
4700 4721
4699 4721
4698 4721
4697 4721
4696 4721
4695 4721
4694 4721
4693 4721
4692 4721
4691 4721
4690 4721
4689 4721
4688 4721
4687 4721
4686 4721
4685 4721
4684 4721
4683 4721
4682 4721
4681 4721
4680 4721
4679 4721
4678 4721
4677 4721
4676 4721
4675 4721
4674 4721
4673 4721
4672 4721
4671 4721
