100
0 4639
1 4639
2 4639
3 4639
4 4639
5 4639
6 4639
7 4639
8 4639
9 4639
10 4639
11 4639
12 4639
13 4639
14 4639
15 4639
16 4639
17 4639
18 4639
19 4639
20 4639
21 4639
22 4639
23 4639
24 4639
25 4639
26 4639
27 4639
28 4639
29 4639
30 4639
31 4639
32 4639
33 4639
34 4639
35 4639
36 4639
37 4639
38 4639
39 4639
40 4639
41 4639
42 4639
43 4639
44 4639
45 4639
46 4639
47 4639
48 4639
49 4639
4638 4639
4637 4639
4636 4639
4635 4639
4634 4639
4633 4639
4632 4639
4631 4639
4630 4639
4629 4639
4628 4639
4627 4639
4626 4639
4625 4639
4624 4639
4623 4639
4622 4639
4621 4639
4620 4639
4619 4639
4618 4639
4617 4639
4616 4639
4615 4639
4614 4639
4613 4639
4612 4639
4611 4639
4610 4639
4609 4639
4608 4639
4607 4639
4606 4639
4605 4639
4604 4639
4603 4639
4602 4639
4601 4639
4600 4639
4599 4639
4598 4639
4597 4639
4596 4639
4595 4639
4594 4639
4593 4639
4592 4639
4591 4639
4590 4639
4589 4639
