100
0 4751
1 4751
2 4751
3 4751
4 4751
5 4751
6 4751
7 4751
8 4751
9 4751
10 4751
11 4751
12 4751
13 4751
14 4751
15 4751
16 4751
17 4751
18 4751
19 4751
20 4751
21 4751
22 4751
23 4751
24 4751
25 4751
26 4751
27 4751
28 4751
29 4751
30 4751
31 4751
32 4751
33 4751
34 4751
35 4751
36 4751
37 4751
38 4751
39 4751
40 4751
41 4751
42 4751
43 4751
44 4751
45 4751
46 4751
47 4751
48 4751
49 4751
4750 4751
4749 4751
4748 4751
4747 4751
4746 4751
4745 4751
4744 4751
4743 4751
4742 4751
4741 4751
4740 4751
4739 4751
4738 4751
4737 4751
4736 4751
4735 4751
4734 4751
4733 4751
4732 4751
4731 4751
4730 4751
4729 4751
4728 4751
4727 4751
4726 4751
4725 4751
4724 4751
4723 4751
4722 4751
4721 4751
4720 4751
4719 4751
4718 4751
4717 4751
4716 4751
4715 4751
4714 4751
4713 4751
4712 4751
4711 4751
4710 4751
4709 4751
4708 4751
4707 4751
4706 4751
4705 4751
4704 4751
4703 4751
4702 4751
4701 4751
