100
0 4691
1 4691
2 4691
3 4691
4 4691
5 4691
6 4691
7 4691
8 4691
9 4691
10 4691
11 4691
12 4691
13 4691
14 4691
15 4691
16 4691
17 4691
18 4691
19 4691
20 4691
21 4691
22 4691
23 4691
24 4691
25 4691
26 4691
27 4691
28 4691
29 4691
30 4691
31 4691
32 4691
33 4691
34 4691
35 4691
36 4691
37 4691
38 4691
39 4691
40 4691
41 4691
42 4691
43 4691
44 4691
45 4691
46 4691
47 4691
48 4691
49 4691
4690 4691
4689 4691
4688 4691
4687 4691
4686 4691
4685 4691
4684 4691
4683 4691
4682 4691
4681 4691
4680 4691
4679 4691
4678 4691
4677 4691
4676 4691
4675 4691
4674 4691
4673 4691
4672 4691
4671 4691
4670 4691
4669 4691
4668 4691
4667 4691
4666 4691
4665 4691
4664 4691
4663 4691
4662 4691
4661 4691
4660 4691
4659 4691
4658 4691
4657 4691
4656 4691
4655 4691
4654 4691
4653 4691
4652 4691
4651 4691
4650 4691
4649 4691
4648 4691
4647 4691
4646 4691
4645 4691
4644 4691
4643 4691
4642 4691
4641 4691
