100
0 4729
1 4729
2 4729
3 4729
4 4729
5 4729
6 4729
7 4729
8 4729
9 4729
10 4729
11 4729
12 4729
13 4729
14 4729
15 4729
16 4729
17 4729
18 4729
19 4729
20 4729
21 4729
22 4729
23 4729
24 4729
25 4729
26 4729
27 4729
28 4729
29 4729
30 4729
31 4729
32 4729
33 4729
34 4729
35 4729
36 4729
37 4729
38 4729
39 4729
40 4729
41 4729
42 4729
43 4729
44 4729
45 4729
46 4729
47 4729
48 4729
49 4729
4728 4729
4727 4729
4726 4729
4725 4729
4724 4729
4723 4729
4722 4729
4721 4729
4720 4729
4719 4729
4718 4729
4717 4729
4716 4729
4715 4729
4714 4729
4713 4729
4712 4729
4711 4729
4710 4729
4709 4729
4708 4729
4707 4729
4706 4729
4705 4729
4704 4729
4703 4729
4702 4729
4701 4729
4700 4729
4699 4729
4698 4729
4697 4729
4696 4729
4695 4729
4694 4729
4693 4729
4692 4729
4691 4729
4690 4729
4689 4729
4688 4729
4687 4729
4686 4729
4685 4729
4684 4729
4683 4729
4682 4729
4681 4729
4680 4729
4679 4729
