100
0 4909
1 4909
2 4909
3 4909
4 4909
5 4909
6 4909
7 4909
8 4909
9 4909
10 4909
11 4909
12 4909
13 4909
14 4909
15 4909
16 4909
17 4909
18 4909
19 4909
20 4909
21 4909
22 4909
23 4909
24 4909
25 4909
26 4909
27 4909
28 4909
29 4909
30 4909
31 4909
32 4909
33 4909
34 4909
35 4909
36 4909
37 4909
38 4909
39 4909
40 4909
41 4909
42 4909
43 4909
44 4909
45 4909
46 4909
47 4909
48 4909
49 4909
4908 4909
4907 4909
4906 4909
4905 4909
4904 4909
4903 4909
4902 4909
4901 4909
4900 4909
4899 4909
4898 4909
4897 4909
4896 4909
4895 4909
4894 4909
4893 4909
4892 4909
4891 4909
4890 4909
4889 4909
4888 4909
4887 4909
4886 4909
4885 4909
4884 4909
4883 4909
4882 4909
4881 4909
4880 4909
4879 4909
4878 4909
4877 4909
4876 4909
4875 4909
4874 4909
4873 4909
4872 4909
4871 4909
4870 4909
4869 4909
4868 4909
4867 4909
4866 4909
4865 4909
4864 4909
4863 4909
4862 4909
4861 4909
4860 4909
4859 4909
