100
0 4931
1 4931
2 4931
3 4931
4 4931
5 4931
6 4931
7 4931
8 4931
9 4931
10 4931
11 4931
12 4931
13 4931
14 4931
15 4931
16 4931
17 4931
18 4931
19 4931
20 4931
21 4931
22 4931
23 4931
24 4931
25 4931
26 4931
27 4931
28 4931
29 4931
30 4931
31 4931
32 4931
33 4931
34 4931
35 4931
36 4931
37 4931
38 4931
39 4931
40 4931
41 4931
42 4931
43 4931
44 4931
45 4931
46 4931
47 4931
48 4931
49 4931
4930 4931
4929 4931
4928 4931
4927 4931
4926 4931
4925 4931
4924 4931
4923 4931
4922 4931
4921 4931
4920 4931
4919 4931
4918 4931
4917 4931
4916 4931
4915 4931
4914 4931
4913 4931
4912 4931
4911 4931
4910 4931
4909 4931
4908 4931
4907 4931
4906 4931
4905 4931
4904 4931
4903 4931
4902 4931
4901 4931
4900 4931
4899 4931
4898 4931
4897 4931
4896 4931
4895 4931
4894 4931
4893 4931
4892 4931
4891 4931
4890 4931
4889 4931
4888 4931
4887 4931
4886 4931
4885 4931
4884 4931
4883 4931
4882 4931
4881 4931
