100
0 4831
1 4831
2 4831
3 4831
4 4831
5 4831
6 4831
7 4831
8 4831
9 4831
10 4831
11 4831
12 4831
13 4831
14 4831
15 4831
16 4831
17 4831
18 4831
19 4831
20 4831
21 4831
22 4831
23 4831
24 4831
25 4831
26 4831
27 4831
28 4831
29 4831
30 4831
31 4831
32 4831
33 4831
34 4831
35 4831
36 4831
37 4831
38 4831
39 4831
40 4831
41 4831
42 4831
43 4831
44 4831
45 4831
46 4831
47 4831
48 4831
49 4831
4830 4831
4829 4831
4828 4831
4827 4831
4826 4831
4825 4831
4824 4831
4823 4831
4822 4831
4821 4831
4820 4831
4819 4831
4818 4831
4817 4831
4816 4831
4815 4831
4814 4831
4813 4831
4812 4831
4811 4831
4810 4831
4809 4831
4808 4831
4807 4831
4806 4831
4805 4831
4804 4831
4803 4831
4802 4831
4801 4831
4800 4831
4799 4831
4798 4831
4797 4831
4796 4831
4795 4831
4794 4831
4793 4831
4792 4831
4791 4831
4790 4831
4789 4831
4788 4831
4787 4831
4786 4831
4785 4831
4784 4831
4783 4831
4782 4831
4781 4831
