100
0 4919
1 4919
2 4919
3 4919
4 4919
5 4919
6 4919
7 4919
8 4919
9 4919
10 4919
11 4919
12 4919
13 4919
14 4919
15 4919
16 4919
17 4919
18 4919
19 4919
20 4919
21 4919
22 4919
23 4919
24 4919
25 4919
26 4919
27 4919
28 4919
29 4919
30 4919
31 4919
32 4919
33 4919
34 4919
35 4919
36 4919
37 4919
38 4919
39 4919
40 4919
41 4919
42 4919
43 4919
44 4919
45 4919
46 4919
47 4919
48 4919
49 4919
4918 4919
4917 4919
4916 4919
4915 4919
4914 4919
4913 4919
4912 4919
4911 4919
4910 4919
4909 4919
4908 4919
4907 4919
4906 4919
4905 4919
4904 4919
4903 4919
4902 4919
4901 4919
4900 4919
4899 4919
4898 4919
4897 4919
4896 4919
4895 4919
4894 4919
4893 4919
4892 4919
4891 4919
4890 4919
4889 4919
4888 4919
4887 4919
4886 4919
4885 4919
4884 4919
4883 4919
4882 4919
4881 4919
4880 4919
4879 4919
4878 4919
4877 4919
4876 4919
4875 4919
4874 4919
4873 4919
4872 4919
4871 4919
4870 4919
4869 4919
