100
0 4861
1 4861
2 4861
3 4861
4 4861
5 4861
6 4861
7 4861
8 4861
9 4861
10 4861
11 4861
12 4861
13 4861
14 4861
15 4861
16 4861
17 4861
18 4861
19 4861
20 4861
21 4861
22 4861
23 4861
24 4861
25 4861
26 4861
27 4861
28 4861
29 4861
30 4861
31 4861
32 4861
33 4861
34 4861
35 4861
36 4861
37 4861
38 4861
39 4861
40 4861
41 4861
42 4861
43 4861
44 4861
45 4861
46 4861
47 4861
48 4861
49 4861
4860 4861
4859 4861
4858 4861
4857 4861
4856 4861
4855 4861
4854 4861
4853 4861
4852 4861
4851 4861
4850 4861
4849 4861
4848 4861
4847 4861
4846 4861
4845 4861
4844 4861
4843 4861
4842 4861
4841 4861
4840 4861
4839 4861
4838 4861
4837 4861
4836 4861
4835 4861
4834 4861
4833 4861
4832 4861
4831 4861
4830 4861
4829 4861
4828 4861
4827 4861
4826 4861
4825 4861
4824 4861
4823 4861
4822 4861
4821 4861
4820 4861
4819 4861
4818 4861
4817 4861
4816 4861
4815 4861
4814 4861
4813 4861
4812 4861
4811 4861
