100
0 4951
1 4951
2 4951
3 4951
4 4951
5 4951
6 4951
7 4951
8 4951
9 4951
10 4951
11 4951
12 4951
13 4951
14 4951
15 4951
16 4951
17 4951
18 4951
19 4951
20 4951
21 4951
22 4951
23 4951
24 4951
25 4951
26 4951
27 4951
28 4951
29 4951
30 4951
31 4951
32 4951
33 4951
34 4951
35 4951
36 4951
37 4951
38 4951
39 4951
40 4951
41 4951
42 4951
43 4951
44 4951
45 4951
46 4951
47 4951
48 4951
49 4951
4950 4951
4949 4951
4948 4951
4947 4951
4946 4951
4945 4951
4944 4951
4943 4951
4942 4951
4941 4951
4940 4951
4939 4951
4938 4951
4937 4951
4936 4951
4935 4951
4934 4951
4933 4951
4932 4951
4931 4951
4930 4951
4929 4951
4928 4951
4927 4951
4926 4951
4925 4951
4924 4951
4923 4951
4922 4951
4921 4951
4920 4951
4919 4951
4918 4951
4917 4951
4916 4951
4915 4951
4914 4951
4913 4951
4912 4951
4911 4951
4910 4951
4909 4951
4908 4951
4907 4951
4906 4951
4905 4951
4904 4951
4903 4951
4902 4951
4901 4951
