100
0 4801
1 4801
2 4801
3 4801
4 4801
5 4801
6 4801
7 4801
8 4801
9 4801
10 4801
11 4801
12 4801
13 4801
14 4801
15 4801
16 4801
17 4801
18 4801
19 4801
20 4801
21 4801
22 4801
23 4801
24 4801
25 4801
26 4801
27 4801
28 4801
29 4801
30 4801
31 4801
32 4801
33 4801
34 4801
35 4801
36 4801
37 4801
38 4801
39 4801
40 4801
41 4801
42 4801
43 4801
44 4801
45 4801
46 4801
47 4801
48 4801
49 4801
4800 4801
4799 4801
4798 4801
4797 4801
4796 4801
4795 4801
4794 4801
4793 4801
4792 4801
4791 4801
4790 4801
4789 4801
4788 4801
4787 4801
4786 4801
4785 4801
4784 4801
4783 4801
4782 4801
4781 4801
4780 4801
4779 4801
4778 4801
4777 4801
4776 4801
4775 4801
4774 4801
4773 4801
4772 4801
4771 4801
4770 4801
4769 4801
4768 4801
4767 4801
4766 4801
4765 4801
4764 4801
4763 4801
4762 4801
4761 4801
4760 4801
4759 4801
4758 4801
4757 4801
4756 4801
4755 4801
4754 4801
4753 4801
4752 4801
4751 4801
