100
0 4799
1 4799
2 4799
3 4799
4 4799
5 4799
6 4799
7 4799
8 4799
9 4799
10 4799
11 4799
12 4799
13 4799
14 4799
15 4799
16 4799
17 4799
18 4799
19 4799
20 4799
21 4799
22 4799
23 4799
24 4799
25 4799
26 4799
27 4799
28 4799
29 4799
30 4799
31 4799
32 4799
33 4799
34 4799
35 4799
36 4799
37 4799
38 4799
39 4799
40 4799
41 4799
42 4799
43 4799
44 4799
45 4799
46 4799
47 4799
48 4799
49 4799
4798 4799
4797 4799
4796 4799
4795 4799
4794 4799
4793 4799
4792 4799
4791 4799
4790 4799
4789 4799
4788 4799
4787 4799
4786 4799
4785 4799
4784 4799
4783 4799
4782 4799
4781 4799
4780 4799
4779 4799
4778 4799
4777 4799
4776 4799
4775 4799
4774 4799
4773 4799
4772 4799
4771 4799
4770 4799
4769 4799
4768 4799
4767 4799
4766 4799
4765 4799
4764 4799
4763 4799
4762 4799
4761 4799
4760 4799
4759 4799
4758 4799
4757 4799
4756 4799
4755 4799
4754 4799
4753 4799
4752 4799
4751 4799
4750 4799
4749 4799
