100
0 271
1 271
2 271
3 271
4 271
5 271
6 271
7 271
8 271
9 271
10 271
11 271
12 271
13 271
14 271
15 271
16 271
17 271
18 271
19 271
20 271
21 271
22 271
23 271
24 271
25 271
26 271
27 271
28 271
29 271
30 271
31 271
32 271
33 271
34 271
35 271
36 271
37 271
38 271
39 271
40 271
41 271
42 271
43 271
44 271
45 271
46 271
47 271
48 271
49 271
270 271
269 271
268 271
267 271
266 271
265 271
264 271
263 271
262 271
261 271
260 271
259 271
258 271
257 271
256 271
255 271
254 271
253 271
252 271
251 271
250 271
249 271
248 271
247 271
246 271
245 271
244 271
243 271
242 271
241 271
240 271
239 271
238 271
237 271
236 271
235 271
234 271
233 271
232 271
231 271
230 271
229 271
228 271
227 271
226 271
225 271
224 271
223 271
222 271
221 271
