100
0 4889
1 4889
2 4889
3 4889
4 4889
5 4889
6 4889
7 4889
8 4889
9 4889
10 4889
11 4889
12 4889
13 4889
14 4889
15 4889
16 4889
17 4889
18 4889
19 4889
20 4889
21 4889
22 4889
23 4889
24 4889
25 4889
26 4889
27 4889
28 4889
29 4889
30 4889
31 4889
32 4889
33 4889
34 4889
35 4889
36 4889
37 4889
38 4889
39 4889
40 4889
41 4889
42 4889
43 4889
44 4889
45 4889
46 4889
47 4889
48 4889
49 4889
4888 4889
4887 4889
4886 4889
4885 4889
4884 4889
4883 4889
4882 4889
4881 4889
4880 4889
4879 4889
4878 4889
4877 4889
4876 4889
4875 4889
4874 4889
4873 4889
4872 4889
4871 4889
4870 4889
4869 4889
4868 4889
4867 4889
4866 4889
4865 4889
4864 4889
4863 4889
4862 4889
4861 4889
4860 4889
4859 4889
4858 4889
4857 4889
4856 4889
4855 4889
4854 4889
4853 4889
4852 4889
4851 4889
4850 4889
4849 4889
4848 4889
4847 4889
4846 4889
4845 4889
4844 4889
4843 4889
4842 4889
4841 4889
4840 4889
4839 4889
