100
0 4871
1 4871
2 4871
3 4871
4 4871
5 4871
6 4871
7 4871
8 4871
9 4871
10 4871
11 4871
12 4871
13 4871
14 4871
15 4871
16 4871
17 4871
18 4871
19 4871
20 4871
21 4871
22 4871
23 4871
24 4871
25 4871
26 4871
27 4871
28 4871
29 4871
30 4871
31 4871
32 4871
33 4871
34 4871
35 4871
36 4871
37 4871
38 4871
39 4871
40 4871
41 4871
42 4871
43 4871
44 4871
45 4871
46 4871
47 4871
48 4871
49 4871
4870 4871
4869 4871
4868 4871
4867 4871
4866 4871
4865 4871
4864 4871
4863 4871
4862 4871
4861 4871
4860 4871
4859 4871
4858 4871
4857 4871
4856 4871
4855 4871
4854 4871
4853 4871
4852 4871
4851 4871
4850 4871
4849 4871
4848 4871
4847 4871
4846 4871
4845 4871
4844 4871
4843 4871
4842 4871
4841 4871
4840 4871
4839 4871
4838 4871
4837 4871
4836 4871
4835 4871
4834 4871
4833 4871
4832 4871
4831 4871
4830 4871
4829 4871
4828 4871
4827 4871
4826 4871
4825 4871
4824 4871
4823 4871
4822 4871
4821 4871
