100
0 4969
1 4969
2 4969
3 4969
4 4969
5 4969
6 4969
7 4969
8 4969
9 4969
10 4969
11 4969
12 4969
13 4969
14 4969
15 4969
16 4969
17 4969
18 4969
19 4969
20 4969
21 4969
22 4969
23 4969
24 4969
25 4969
26 4969
27 4969
28 4969
29 4969
30 4969
31 4969
32 4969
33 4969
34 4969
35 4969
36 4969
37 4969
38 4969
39 4969
40 4969
41 4969
42 4969
43 4969
44 4969
45 4969
46 4969
47 4969
48 4969
49 4969
4968 4969
4967 4969
4966 4969
4965 4969
4964 4969
4963 4969
4962 4969
4961 4969
4960 4969
4959 4969
4958 4969
4957 4969
4956 4969
4955 4969
4954 4969
4953 4969
4952 4969
4951 4969
4950 4969
4949 4969
4948 4969
4947 4969
4946 4969
4945 4969
4944 4969
4943 4969
4942 4969
4941 4969
4940 4969
4939 4969
4938 4969
4937 4969
4936 4969
4935 4969
4934 4969
4933 4969
4932 4969
4931 4969
4930 4969
4929 4969
4928 4969
4927 4969
4926 4969
4925 4969
4924 4969
4923 4969
4922 4969
4921 4969
4920 4969
4919 4969
