100
0 281
1 281
2 281
3 281
4 281
5 281
6 281
7 281
8 281
9 281
10 281
11 281
12 281
13 281
14 281
15 281
16 281
17 281
18 281
19 281
20 281
21 281
22 281
23 281
24 281
25 281
26 281
27 281
28 281
29 281
30 281
31 281
32 281
33 281
34 281
35 281
36 281
37 281
38 281
39 281
40 281
41 281
42 281
43 281
44 281
45 281
46 281
47 281
48 281
49 281
280 281
279 281
278 281
277 281
276 281
275 281
274 281
273 281
272 281
271 281
270 281
269 281
268 281
267 281
266 281
265 281
264 281
263 281
262 281
261 281
260 281
259 281
258 281
257 281
256 281
255 281
254 281
253 281
252 281
251 281
250 281
249 281
248 281
247 281
246 281
245 281
244 281
243 281
242 281
241 281
240 281
239 281
238 281
237 281
236 281
235 281
234 281
233 281
232 281
231 281
