100
0 311
1 311
2 311
3 311
4 311
5 311
6 311
7 311
8 311
9 311
10 311
11 311
12 311
13 311
14 311
15 311
16 311
17 311
18 311
19 311
20 311
21 311
22 311
23 311
24 311
25 311
26 311
27 311
28 311
29 311
30 311
31 311
32 311
33 311
34 311
35 311
36 311
37 311
38 311
39 311
40 311
41 311
42 311
43 311
44 311
45 311
46 311
47 311
48 311
49 311
310 311
309 311
308 311
307 311
306 311
305 311
304 311
303 311
302 311
301 311
300 311
299 311
298 311
297 311
296 311
295 311
294 311
293 311
292 311
291 311
290 311
289 311
288 311
287 311
286 311
285 311
284 311
283 311
282 311
281 311
280 311
279 311
278 311
277 311
276 311
275 311
274 311
273 311
272 311
271 311
270 311
269 311
268 311
267 311
266 311
265 311
264 311
263 311
262 311
261 311
