100
0 331
1 331
2 331
3 331
4 331
5 331
6 331
7 331
8 331
9 331
10 331
11 331
12 331
13 331
14 331
15 331
16 331
17 331
18 331
19 331
20 331
21 331
22 331
23 331
24 331
25 331
26 331
27 331
28 331
29 331
30 331
31 331
32 331
33 331
34 331
35 331
36 331
37 331
38 331
39 331
40 331
41 331
42 331
43 331
44 331
45 331
46 331
47 331
48 331
49 331
330 331
329 331
328 331
327 331
326 331
325 331
324 331
323 331
322 331
321 331
320 331
319 331
318 331
317 331
316 331
315 331
314 331
313 331
312 331
311 331
310 331
309 331
308 331
307 331
306 331
305 331
304 331
303 331
302 331
301 331
300 331
299 331
298 331
297 331
296 331
295 331
294 331
293 331
292 331
291 331
290 331
289 331
288 331
287 331
286 331
285 331
284 331
283 331
282 331
281 331
