100
0 349
1 349
2 349
3 349
4 349
5 349
6 349
7 349
8 349
9 349
10 349
11 349
12 349
13 349
14 349
15 349
16 349
17 349
18 349
19 349
20 349
21 349
22 349
23 349
24 349
25 349
26 349
27 349
28 349
29 349
30 349
31 349
32 349
33 349
34 349
35 349
36 349
37 349
38 349
39 349
40 349
41 349
42 349
43 349
44 349
45 349
46 349
47 349
48 349
49 349
348 349
347 349
346 349
345 349
344 349
343 349
342 349
341 349
340 349
339 349
338 349
337 349
336 349
335 349
334 349
333 349
332 349
331 349
330 349
329 349
328 349
327 349
326 349
325 349
324 349
323 349
322 349
321 349
320 349
319 349
318 349
317 349
316 349
315 349
314 349
313 349
312 349
311 349
310 349
309 349
308 349
307 349
306 349
305 349
304 349
303 349
302 349
301 349
300 349
299 349
