100
0 359
1 359
2 359
3 359
4 359
5 359
6 359
7 359
8 359
9 359
10 359
11 359
12 359
13 359
14 359
15 359
16 359
17 359
18 359
19 359
20 359
21 359
22 359
23 359
24 359
25 359
26 359
27 359
28 359
29 359
30 359
31 359
32 359
33 359
34 359
35 359
36 359
37 359
38 359
39 359
40 359
41 359
42 359
43 359
44 359
45 359
46 359
47 359
48 359
49 359
358 359
357 359
356 359
355 359
354 359
353 359
352 359
351 359
350 359
349 359
348 359
347 359
346 359
345 359
344 359
343 359
342 359
341 359
340 359
339 359
338 359
337 359
336 359
335 359
334 359
333 359
332 359
331 359
330 359
329 359
328 359
327 359
326 359
325 359
324 359
323 359
322 359
321 359
320 359
319 359
318 359
317 359
316 359
315 359
314 359
313 359
312 359
311 359
310 359
309 359
