100
0 379
1 379
2 379
3 379
4 379
5 379
6 379
7 379
8 379
9 379
10 379
11 379
12 379
13 379
14 379
15 379
16 379
17 379
18 379
19 379
20 379
21 379
22 379
23 379
24 379
25 379
26 379
27 379
28 379
29 379
30 379
31 379
32 379
33 379
34 379
35 379
36 379
37 379
38 379
39 379
40 379
41 379
42 379
43 379
44 379
45 379
46 379
47 379
48 379
49 379
378 379
377 379
376 379
375 379
374 379
373 379
372 379
371 379
370 379
369 379
368 379
367 379
366 379
365 379
364 379
363 379
362 379
361 379
360 379
359 379
358 379
357 379
356 379
355 379
354 379
353 379
352 379
351 379
350 379
349 379
348 379
347 379
346 379
345 379
344 379
343 379
342 379
341 379
340 379
339 379
338 379
337 379
336 379
335 379
334 379
333 379
332 379
331 379
330 379
329 379
