100
0 389
1 389
2 389
3 389
4 389
5 389
6 389
7 389
8 389
9 389
10 389
11 389
12 389
13 389
14 389
15 389
16 389
17 389
18 389
19 389
20 389
21 389
22 389
23 389
24 389
25 389
26 389
27 389
28 389
29 389
30 389
31 389
32 389
33 389
34 389
35 389
36 389
37 389
38 389
39 389
40 389
41 389
42 389
43 389
44 389
45 389
46 389
47 389
48 389
49 389
388 389
387 389
386 389
385 389
384 389
383 389
382 389
381 389
380 389
379 389
378 389
377 389
376 389
375 389
374 389
373 389
372 389
371 389
370 389
369 389
368 389
367 389
366 389
365 389
364 389
363 389
362 389
361 389
360 389
359 389
358 389
357 389
356 389
355 389
354 389
353 389
352 389
351 389
350 389
349 389
348 389
347 389
346 389
345 389
344 389
343 389
342 389
341 389
340 389
339 389
