100
0 401
1 401
2 401
3 401
4 401
5 401
6 401
7 401
8 401
9 401
10 401
11 401
12 401
13 401
14 401
15 401
16 401
17 401
18 401
19 401
20 401
21 401
22 401
23 401
24 401
25 401
26 401
27 401
28 401
29 401
30 401
31 401
32 401
33 401
34 401
35 401
36 401
37 401
38 401
39 401
40 401
41 401
42 401
43 401
44 401
45 401
46 401
47 401
48 401
49 401
400 401
399 401
398 401
397 401
396 401
395 401
394 401
393 401
392 401
391 401
390 401
389 401
388 401
387 401
386 401
385 401
384 401
383 401
382 401
381 401
380 401
379 401
378 401
377 401
376 401
375 401
374 401
373 401
372 401
371 401
370 401
369 401
368 401
367 401
366 401
365 401
364 401
363 401
362 401
361 401
360 401
359 401
358 401
357 401
356 401
355 401
354 401
353 401
352 401
351 401
