100
0 409
1 409
2 409
3 409
4 409
5 409
6 409
7 409
8 409
9 409
10 409
11 409
12 409
13 409
14 409
15 409
16 409
17 409
18 409
19 409
20 409
21 409
22 409
23 409
24 409
25 409
26 409
27 409
28 409
29 409
30 409
31 409
32 409
33 409
34 409
35 409
36 409
37 409
38 409
39 409
40 409
41 409
42 409
43 409
44 409
45 409
46 409
47 409
48 409
49 409
408 409
407 409
406 409
405 409
404 409
403 409
402 409
401 409
400 409
399 409
398 409
397 409
396 409
395 409
394 409
393 409
392 409
391 409
390 409
389 409
388 409
387 409
386 409
385 409
384 409
383 409
382 409
381 409
380 409
379 409
378 409
377 409
376 409
375 409
374 409
373 409
372 409
371 409
370 409
369 409
368 409
367 409
366 409
365 409
364 409
363 409
362 409
361 409
360 409
359 409
