100
0 419
1 419
2 419
3 419
4 419
5 419
6 419
7 419
8 419
9 419
10 419
11 419
12 419
13 419
14 419
15 419
16 419
17 419
18 419
19 419
20 419
21 419
22 419
23 419
24 419
25 419
26 419
27 419
28 419
29 419
30 419
31 419
32 419
33 419
34 419
35 419
36 419
37 419
38 419
39 419
40 419
41 419
42 419
43 419
44 419
45 419
46 419
47 419
48 419
49 419
418 419
417 419
416 419
415 419
414 419
413 419
412 419
411 419
410 419
409 419
408 419
407 419
406 419
405 419
404 419
403 419
402 419
401 419
400 419
399 419
398 419
397 419
396 419
395 419
394 419
393 419
392 419
391 419
390 419
389 419
388 419
387 419
386 419
385 419
384 419
383 419
382 419
381 419
380 419
379 419
378 419
377 419
376 419
375 419
374 419
373 419
372 419
371 419
370 419
369 419
