100
0 421
1 421
2 421
3 421
4 421
5 421
6 421
7 421
8 421
9 421
10 421
11 421
12 421
13 421
14 421
15 421
16 421
17 421
18 421
19 421
20 421
21 421
22 421
23 421
24 421
25 421
26 421
27 421
28 421
29 421
30 421
31 421
32 421
33 421
34 421
35 421
36 421
37 421
38 421
39 421
40 421
41 421
42 421
43 421
44 421
45 421
46 421
47 421
48 421
49 421
420 421
419 421
418 421
417 421
416 421
415 421
414 421
413 421
412 421
411 421
410 421
409 421
408 421
407 421
406 421
405 421
404 421
403 421
402 421
401 421
400 421
399 421
398 421
397 421
396 421
395 421
394 421
393 421
392 421
391 421
390 421
389 421
388 421
387 421
386 421
385 421
384 421
383 421
382 421
381 421
380 421
379 421
378 421
377 421
376 421
375 421
374 421
373 421
372 421
371 421
