100
0 431
1 431
2 431
3 431
4 431
5 431
6 431
7 431
8 431
9 431
10 431
11 431
12 431
13 431
14 431
15 431
16 431
17 431
18 431
19 431
20 431
21 431
22 431
23 431
24 431
25 431
26 431
27 431
28 431
29 431
30 431
31 431
32 431
33 431
34 431
35 431
36 431
37 431
38 431
39 431
40 431
41 431
42 431
43 431
44 431
45 431
46 431
47 431
48 431
49 431
430 431
429 431
428 431
427 431
426 431
425 431
424 431
423 431
422 431
421 431
420 431
419 431
418 431
417 431
416 431
415 431
414 431
413 431
412 431
411 431
410 431
409 431
408 431
407 431
406 431
405 431
404 431
403 431
402 431
401 431
400 431
399 431
398 431
397 431
396 431
395 431
394 431
393 431
392 431
391 431
390 431
389 431
388 431
387 431
386 431
385 431
384 431
383 431
382 431
381 431
