100
0 439
1 439
2 439
3 439
4 439
5 439
6 439
7 439
8 439
9 439
10 439
11 439
12 439
13 439
14 439
15 439
16 439
17 439
18 439
19 439
20 439
21 439
22 439
23 439
24 439
25 439
26 439
27 439
28 439
29 439
30 439
31 439
32 439
33 439
34 439
35 439
36 439
37 439
38 439
39 439
40 439
41 439
42 439
43 439
44 439
45 439
46 439
47 439
48 439
49 439
438 439
437 439
436 439
435 439
434 439
433 439
432 439
431 439
430 439
429 439
428 439
427 439
426 439
425 439
424 439
423 439
422 439
421 439
420 439
419 439
418 439
417 439
416 439
415 439
414 439
413 439
412 439
411 439
410 439
409 439
408 439
407 439
406 439
405 439
404 439
403 439
402 439
401 439
400 439
399 439
398 439
397 439
396 439
395 439
394 439
393 439
392 439
391 439
390 439
389 439
