100
0 449
1 449
2 449
3 449
4 449
5 449
6 449
7 449
8 449
9 449
10 449
11 449
12 449
13 449
14 449
15 449
16 449
17 449
18 449
19 449
20 449
21 449
22 449
23 449
24 449
25 449
26 449
27 449
28 449
29 449
30 449
31 449
32 449
33 449
34 449
35 449
36 449
37 449
38 449
39 449
40 449
41 449
42 449
43 449
44 449
45 449
46 449
47 449
48 449
49 449
448 449
447 449
446 449
445 449
444 449
443 449
442 449
441 449
440 449
439 449
438 449
437 449
436 449
435 449
434 449
433 449
432 449
431 449
430 449
429 449
428 449
427 449
426 449
425 449
424 449
423 449
422 449
421 449
420 449
419 449
418 449
417 449
416 449
415 449
414 449
413 449
412 449
411 449
410 449
409 449
408 449
407 449
406 449
405 449
404 449
403 449
402 449
401 449
400 449
399 449
