100
0 461
1 461
2 461
3 461
4 461
5 461
6 461
7 461
8 461
9 461
10 461
11 461
12 461
13 461
14 461
15 461
16 461
17 461
18 461
19 461
20 461
21 461
22 461
23 461
24 461
25 461
26 461
27 461
28 461
29 461
30 461
31 461
32 461
33 461
34 461
35 461
36 461
37 461
38 461
39 461
40 461
41 461
42 461
43 461
44 461
45 461
46 461
47 461
48 461
49 461
460 461
459 461
458 461
457 461
456 461
455 461
454 461
453 461
452 461
451 461
450 461
449 461
448 461
447 461
446 461
445 461
444 461
443 461
442 461
441 461
440 461
439 461
438 461
437 461
436 461
435 461
434 461
433 461
432 461
431 461
430 461
429 461
428 461
427 461
426 461
425 461
424 461
423 461
422 461
421 461
420 461
419 461
418 461
417 461
416 461
415 461
414 461
413 461
412 461
411 461
