100
0 479
1 479
2 479
3 479
4 479
5 479
6 479
7 479
8 479
9 479
10 479
11 479
12 479
13 479
14 479
15 479
16 479
17 479
18 479
19 479
20 479
21 479
22 479
23 479
24 479
25 479
26 479
27 479
28 479
29 479
30 479
31 479
32 479
33 479
34 479
35 479
36 479
37 479
38 479
39 479
40 479
41 479
42 479
43 479
44 479
45 479
46 479
47 479
48 479
49 479
478 479
477 479
476 479
475 479
474 479
473 479
472 479
471 479
470 479
469 479
468 479
467 479
466 479
465 479
464 479
463 479
462 479
461 479
460 479
459 479
458 479
457 479
456 479
455 479
454 479
453 479
452 479
451 479
450 479
449 479
448 479
447 479
446 479
445 479
444 479
443 479
442 479
441 479
440 479
439 479
438 479
437 479
436 479
435 479
434 479
433 479
432 479
431 479
430 479
429 479
