100
0 491
1 491
2 491
3 491
4 491
5 491
6 491
7 491
8 491
9 491
10 491
11 491
12 491
13 491
14 491
15 491
16 491
17 491
18 491
19 491
20 491
21 491
22 491
23 491
24 491
25 491
26 491
27 491
28 491
29 491
30 491
31 491
32 491
33 491
34 491
35 491
36 491
37 491
38 491
39 491
40 491
41 491
42 491
43 491
44 491
45 491
46 491
47 491
48 491
49 491
490 491
489 491
488 491
487 491
486 491
485 491
484 491
483 491
482 491
481 491
480 491
479 491
478 491
477 491
476 491
475 491
474 491
473 491
472 491
471 491
470 491
469 491
468 491
467 491
466 491
465 491
464 491
463 491
462 491
461 491
460 491
459 491
458 491
457 491
456 491
455 491
454 491
453 491
452 491
451 491
450 491
449 491
448 491
447 491
446 491
445 491
444 491
443 491
442 491
441 491
