100
0 499
1 499
2 499
3 499
4 499
5 499
6 499
7 499
8 499
9 499
10 499
11 499
12 499
13 499
14 499
15 499
16 499
17 499
18 499
19 499
20 499
21 499
22 499
23 499
24 499
25 499
26 499
27 499
28 499
29 499
30 499
31 499
32 499
33 499
34 499
35 499
36 499
37 499
38 499
39 499
40 499
41 499
42 499
43 499
44 499
45 499
46 499
47 499
48 499
49 499
498 499
497 499
496 499
495 499
494 499
493 499
492 499
491 499
490 499
489 499
488 499
487 499
486 499
485 499
484 499
483 499
482 499
481 499
480 499
479 499
478 499
477 499
476 499
475 499
474 499
473 499
472 499
471 499
470 499
469 499
468 499
467 499
466 499
465 499
464 499
463 499
462 499
461 499
460 499
459 499
458 499
457 499
456 499
455 499
454 499
453 499
452 499
451 499
450 499
449 499
