100
0 509
1 509
2 509
3 509
4 509
5 509
6 509
7 509
8 509
9 509
10 509
11 509
12 509
13 509
14 509
15 509
16 509
17 509
18 509
19 509
20 509
21 509
22 509
23 509
24 509
25 509
26 509
27 509
28 509
29 509
30 509
31 509
32 509
33 509
34 509
35 509
36 509
37 509
38 509
39 509
40 509
41 509
42 509
43 509
44 509
45 509
46 509
47 509
48 509
49 509
508 509
507 509
506 509
505 509
504 509
503 509
502 509
501 509
500 509
499 509
498 509
497 509
496 509
495 509
494 509
493 509
492 509
491 509
490 509
489 509
488 509
487 509
486 509
485 509
484 509
483 509
482 509
481 509
480 509
479 509
478 509
477 509
476 509
475 509
474 509
473 509
472 509
471 509
470 509
469 509
468 509
467 509
466 509
465 509
464 509
463 509
462 509
461 509
460 509
459 509
