100
0 521
1 521
2 521
3 521
4 521
5 521
6 521
7 521
8 521
9 521
10 521
11 521
12 521
13 521
14 521
15 521
16 521
17 521
18 521
19 521
20 521
21 521
22 521
23 521
24 521
25 521
26 521
27 521
28 521
29 521
30 521
31 521
32 521
33 521
34 521
35 521
36 521
37 521
38 521
39 521
40 521
41 521
42 521
43 521
44 521
45 521
46 521
47 521
48 521
49 521
520 521
519 521
518 521
517 521
516 521
515 521
514 521
513 521
512 521
511 521
510 521
509 521
508 521
507 521
506 521
505 521
504 521
503 521
502 521
501 521
500 521
499 521
498 521
497 521
496 521
495 521
494 521
493 521
492 521
491 521
490 521
489 521
488 521
487 521
486 521
485 521
484 521
483 521
482 521
481 521
480 521
479 521
478 521
477 521
476 521
475 521
474 521
473 521
472 521
471 521
