100
0 541
1 541
2 541
3 541
4 541
5 541
6 541
7 541
8 541
9 541
10 541
11 541
12 541
13 541
14 541
15 541
16 541
17 541
18 541
19 541
20 541
21 541
22 541
23 541
24 541
25 541
26 541
27 541
28 541
29 541
30 541
31 541
32 541
33 541
34 541
35 541
36 541
37 541
38 541
39 541
40 541
41 541
42 541
43 541
44 541
45 541
46 541
47 541
48 541
49 541
540 541
539 541
538 541
537 541
536 541
535 541
534 541
533 541
532 541
531 541
530 541
529 541
528 541
527 541
526 541
525 541
524 541
523 541
522 541
521 541
520 541
519 541
518 541
517 541
516 541
515 541
514 541
513 541
512 541
511 541
510 541
509 541
508 541
507 541
506 541
505 541
504 541
503 541
502 541
501 541
500 541
499 541
498 541
497 541
496 541
495 541
494 541
493 541
492 541
491 541
