100
0 569
1 569
2 569
3 569
4 569
5 569
6 569
7 569
8 569
9 569
10 569
11 569
12 569
13 569
14 569
15 569
16 569
17 569
18 569
19 569
20 569
21 569
22 569
23 569
24 569
25 569
26 569
27 569
28 569
29 569
30 569
31 569
32 569
33 569
34 569
35 569
36 569
37 569
38 569
39 569
40 569
41 569
42 569
43 569
44 569
45 569
46 569
47 569
48 569
49 569
568 569
567 569
566 569
565 569
564 569
563 569
562 569
561 569
560 569
559 569
558 569
557 569
556 569
555 569
554 569
553 569
552 569
551 569
550 569
549 569
548 569
547 569
546 569
545 569
544 569
543 569
542 569
541 569
540 569
539 569
538 569
537 569
536 569
535 569
534 569
533 569
532 569
531 569
530 569
529 569
528 569
527 569
526 569
525 569
524 569
523 569
522 569
521 569
520 569
519 569
