100
0 571
1 571
2 571
3 571
4 571
5 571
6 571
7 571
8 571
9 571
10 571
11 571
12 571
13 571
14 571
15 571
16 571
17 571
18 571
19 571
20 571
21 571
22 571
23 571
24 571
25 571
26 571
27 571
28 571
29 571
30 571
31 571
32 571
33 571
34 571
35 571
36 571
37 571
38 571
39 571
40 571
41 571
42 571
43 571
44 571
45 571
46 571
47 571
48 571
49 571
570 571
569 571
568 571
567 571
566 571
565 571
564 571
563 571
562 571
561 571
560 571
559 571
558 571
557 571
556 571
555 571
554 571
553 571
552 571
551 571
550 571
549 571
548 571
547 571
546 571
545 571
544 571
543 571
542 571
541 571
540 571
539 571
538 571
537 571
536 571
535 571
534 571
533 571
532 571
531 571
530 571
529 571
528 571
527 571
526 571
525 571
524 571
523 571
522 571
521 571
