100
0 599
1 599
2 599
3 599
4 599
5 599
6 599
7 599
8 599
9 599
10 599
11 599
12 599
13 599
14 599
15 599
16 599
17 599
18 599
19 599
20 599
21 599
22 599
23 599
24 599
25 599
26 599
27 599
28 599
29 599
30 599
31 599
32 599
33 599
34 599
35 599
36 599
37 599
38 599
39 599
40 599
41 599
42 599
43 599
44 599
45 599
46 599
47 599
48 599
49 599
598 599
597 599
596 599
595 599
594 599
593 599
592 599
591 599
590 599
589 599
588 599
587 599
586 599
585 599
584 599
583 599
582 599
581 599
580 599
579 599
578 599
577 599
576 599
575 599
574 599
573 599
572 599
571 599
570 599
569 599
568 599
567 599
566 599
565 599
564 599
563 599
562 599
561 599
560 599
559 599
558 599
557 599
556 599
555 599
554 599
553 599
552 599
551 599
550 599
549 599
