100
0 601
1 601
2 601
3 601
4 601
5 601
6 601
7 601
8 601
9 601
10 601
11 601
12 601
13 601
14 601
15 601
16 601
17 601
18 601
19 601
20 601
21 601
22 601
23 601
24 601
25 601
26 601
27 601
28 601
29 601
30 601
31 601
32 601
33 601
34 601
35 601
36 601
37 601
38 601
39 601
40 601
41 601
42 601
43 601
44 601
45 601
46 601
47 601
48 601
49 601
600 601
599 601
598 601
597 601
596 601
595 601
594 601
593 601
592 601
591 601
590 601
589 601
588 601
587 601
586 601
585 601
584 601
583 601
582 601
581 601
580 601
579 601
578 601
577 601
576 601
575 601
574 601
573 601
572 601
571 601
570 601
569 601
568 601
567 601
566 601
565 601
564 601
563 601
562 601
561 601
560 601
559 601
558 601
557 601
556 601
555 601
554 601
553 601
552 601
551 601
