100
0 619
1 619
2 619
3 619
4 619
5 619
6 619
7 619
8 619
9 619
10 619
11 619
12 619
13 619
14 619
15 619
16 619
17 619
18 619
19 619
20 619
21 619
22 619
23 619
24 619
25 619
26 619
27 619
28 619
29 619
30 619
31 619
32 619
33 619
34 619
35 619
36 619
37 619
38 619
39 619
40 619
41 619
42 619
43 619
44 619
45 619
46 619
47 619
48 619
49 619
618 619
617 619
616 619
615 619
614 619
613 619
612 619
611 619
610 619
609 619
608 619
607 619
606 619
605 619
604 619
603 619
602 619
601 619
600 619
599 619
598 619
597 619
596 619
595 619
594 619
593 619
592 619
591 619
590 619
589 619
588 619
587 619
586 619
585 619
584 619
583 619
582 619
581 619
580 619
579 619
578 619
577 619
576 619
575 619
574 619
573 619
572 619
571 619
570 619
569 619
