100
0 631
1 631
2 631
3 631
4 631
5 631
6 631
7 631
8 631
9 631
10 631
11 631
12 631
13 631
14 631
15 631
16 631
17 631
18 631
19 631
20 631
21 631
22 631
23 631
24 631
25 631
26 631
27 631
28 631
29 631
30 631
31 631
32 631
33 631
34 631
35 631
36 631
37 631
38 631
39 631
40 631
41 631
42 631
43 631
44 631
45 631
46 631
47 631
48 631
49 631
630 631
629 631
628 631
627 631
626 631
625 631
624 631
623 631
622 631
621 631
620 631
619 631
618 631
617 631
616 631
615 631
614 631
613 631
612 631
611 631
610 631
609 631
608 631
607 631
606 631
605 631
604 631
603 631
602 631
601 631
600 631
599 631
598 631
597 631
596 631
595 631
594 631
593 631
592 631
591 631
590 631
589 631
588 631
587 631
586 631
585 631
584 631
583 631
582 631
581 631
