100
0 641
1 641
2 641
3 641
4 641
5 641
6 641
7 641
8 641
9 641
10 641
11 641
12 641
13 641
14 641
15 641
16 641
17 641
18 641
19 641
20 641
21 641
22 641
23 641
24 641
25 641
26 641
27 641
28 641
29 641
30 641
31 641
32 641
33 641
34 641
35 641
36 641
37 641
38 641
39 641
40 641
41 641
42 641
43 641
44 641
45 641
46 641
47 641
48 641
49 641
640 641
639 641
638 641
637 641
636 641
635 641
634 641
633 641
632 641
631 641
630 641
629 641
628 641
627 641
626 641
625 641
624 641
623 641
622 641
621 641
620 641
619 641
618 641
617 641
616 641
615 641
614 641
613 641
612 641
611 641
610 641
609 641
608 641
607 641
606 641
605 641
604 641
603 641
602 641
601 641
600 641
599 641
598 641
597 641
596 641
595 641
594 641
593 641
592 641
591 641
