100
0 659
1 659
2 659
3 659
4 659
5 659
6 659
7 659
8 659
9 659
10 659
11 659
12 659
13 659
14 659
15 659
16 659
17 659
18 659
19 659
20 659
21 659
22 659
23 659
24 659
25 659
26 659
27 659
28 659
29 659
30 659
31 659
32 659
33 659
34 659
35 659
36 659
37 659
38 659
39 659
40 659
41 659
42 659
43 659
44 659
45 659
46 659
47 659
48 659
49 659
658 659
657 659
656 659
655 659
654 659
653 659
652 659
651 659
650 659
649 659
648 659
647 659
646 659
645 659
644 659
643 659
642 659
641 659
640 659
639 659
638 659
637 659
636 659
635 659
634 659
633 659
632 659
631 659
630 659
629 659
628 659
627 659
626 659
625 659
624 659
623 659
622 659
621 659
620 659
619 659
618 659
617 659
616 659
615 659
614 659
613 659
612 659
611 659
610 659
609 659
