100
0 661
1 661
2 661
3 661
4 661
5 661
6 661
7 661
8 661
9 661
10 661
11 661
12 661
13 661
14 661
15 661
16 661
17 661
18 661
19 661
20 661
21 661
22 661
23 661
24 661
25 661
26 661
27 661
28 661
29 661
30 661
31 661
32 661
33 661
34 661
35 661
36 661
37 661
38 661
39 661
40 661
41 661
42 661
43 661
44 661
45 661
46 661
47 661
48 661
49 661
660 661
659 661
658 661
657 661
656 661
655 661
654 661
653 661
652 661
651 661
650 661
649 661
648 661
647 661
646 661
645 661
644 661
643 661
642 661
641 661
640 661
639 661
638 661
637 661
636 661
635 661
634 661
633 661
632 661
631 661
630 661
629 661
628 661
627 661
626 661
625 661
624 661
623 661
622 661
621 661
620 661
619 661
618 661
617 661
616 661
615 661
614 661
613 661
612 661
611 661
