100
0 691
1 691
2 691
3 691
4 691
5 691
6 691
7 691
8 691
9 691
10 691
11 691
12 691
13 691
14 691
15 691
16 691
17 691
18 691
19 691
20 691
21 691
22 691
23 691
24 691
25 691
26 691
27 691
28 691
29 691
30 691
31 691
32 691
33 691
34 691
35 691
36 691
37 691
38 691
39 691
40 691
41 691
42 691
43 691
44 691
45 691
46 691
47 691
48 691
49 691
690 691
689 691
688 691
687 691
686 691
685 691
684 691
683 691
682 691
681 691
680 691
679 691
678 691
677 691
676 691
675 691
674 691
673 691
672 691
671 691
670 691
669 691
668 691
667 691
666 691
665 691
664 691
663 691
662 691
661 691
660 691
659 691
658 691
657 691
656 691
655 691
654 691
653 691
652 691
651 691
650 691
649 691
648 691
647 691
646 691
645 691
644 691
643 691
642 691
641 691
