100
0 701
1 701
2 701
3 701
4 701
5 701
6 701
7 701
8 701
9 701
10 701
11 701
12 701
13 701
14 701
15 701
16 701
17 701
18 701
19 701
20 701
21 701
22 701
23 701
24 701
25 701
26 701
27 701
28 701
29 701
30 701
31 701
32 701
33 701
34 701
35 701
36 701
37 701
38 701
39 701
40 701
41 701
42 701
43 701
44 701
45 701
46 701
47 701
48 701
49 701
700 701
699 701
698 701
697 701
696 701
695 701
694 701
693 701
692 701
691 701
690 701
689 701
688 701
687 701
686 701
685 701
684 701
683 701
682 701
681 701
680 701
679 701
678 701
677 701
676 701
675 701
674 701
673 701
672 701
671 701
670 701
669 701
668 701
667 701
666 701
665 701
664 701
663 701
662 701
661 701
660 701
659 701
658 701
657 701
656 701
655 701
654 701
653 701
652 701
651 701
