100
0 709
1 709
2 709
3 709
4 709
5 709
6 709
7 709
8 709
9 709
10 709
11 709
12 709
13 709
14 709
15 709
16 709
17 709
18 709
19 709
20 709
21 709
22 709
23 709
24 709
25 709
26 709
27 709
28 709
29 709
30 709
31 709
32 709
33 709
34 709
35 709
36 709
37 709
38 709
39 709
40 709
41 709
42 709
43 709
44 709
45 709
46 709
47 709
48 709
49 709
708 709
707 709
706 709
705 709
704 709
703 709
702 709
701 709
700 709
699 709
698 709
697 709
696 709
695 709
694 709
693 709
692 709
691 709
690 709
689 709
688 709
687 709
686 709
685 709
684 709
683 709
682 709
681 709
680 709
679 709
678 709
677 709
676 709
675 709
674 709
673 709
672 709
671 709
670 709
669 709
668 709
667 709
666 709
665 709
664 709
663 709
662 709
661 709
660 709
659 709
