100
0 719
1 719
2 719
3 719
4 719
5 719
6 719
7 719
8 719
9 719
10 719
11 719
12 719
13 719
14 719
15 719
16 719
17 719
18 719
19 719
20 719
21 719
22 719
23 719
24 719
25 719
26 719
27 719
28 719
29 719
30 719
31 719
32 719
33 719
34 719
35 719
36 719
37 719
38 719
39 719
40 719
41 719
42 719
43 719
44 719
45 719
46 719
47 719
48 719
49 719
718 719
717 719
716 719
715 719
714 719
713 719
712 719
711 719
710 719
709 719
708 719
707 719
706 719
705 719
704 719
703 719
702 719
701 719
700 719
699 719
698 719
697 719
696 719
695 719
694 719
693 719
692 719
691 719
690 719
689 719
688 719
687 719
686 719
685 719
684 719
683 719
682 719
681 719
680 719
679 719
678 719
677 719
676 719
675 719
674 719
673 719
672 719
671 719
670 719
669 719
