100
0 739
1 739
2 739
3 739
4 739
5 739
6 739
7 739
8 739
9 739
10 739
11 739
12 739
13 739
14 739
15 739
16 739
17 739
18 739
19 739
20 739
21 739
22 739
23 739
24 739
25 739
26 739
27 739
28 739
29 739
30 739
31 739
32 739
33 739
34 739
35 739
36 739
37 739
38 739
39 739
40 739
41 739
42 739
43 739
44 739
45 739
46 739
47 739
48 739
49 739
738 739
737 739
736 739
735 739
734 739
733 739
732 739
731 739
730 739
729 739
728 739
727 739
726 739
725 739
724 739
723 739
722 739
721 739
720 739
719 739
718 739
717 739
716 739
715 739
714 739
713 739
712 739
711 739
710 739
709 739
708 739
707 739
706 739
705 739
704 739
703 739
702 739
701 739
700 739
699 739
698 739
697 739
696 739
695 739
694 739
693 739
692 739
691 739
690 739
689 739
