100
0 751
1 751
2 751
3 751
4 751
5 751
6 751
7 751
8 751
9 751
10 751
11 751
12 751
13 751
14 751
15 751
16 751
17 751
18 751
19 751
20 751
21 751
22 751
23 751
24 751
25 751
26 751
27 751
28 751
29 751
30 751
31 751
32 751
33 751
34 751
35 751
36 751
37 751
38 751
39 751
40 751
41 751
42 751
43 751
44 751
45 751
46 751
47 751
48 751
49 751
750 751
749 751
748 751
747 751
746 751
745 751
744 751
743 751
742 751
741 751
740 751
739 751
738 751
737 751
736 751
735 751
734 751
733 751
732 751
731 751
730 751
729 751
728 751
727 751
726 751
725 751
724 751
723 751
722 751
721 751
720 751
719 751
718 751
717 751
716 751
715 751
714 751
713 751
712 751
711 751
710 751
709 751
708 751
707 751
706 751
705 751
704 751
703 751
702 751
701 751
