100
0 761
1 761
2 761
3 761
4 761
5 761
6 761
7 761
8 761
9 761
10 761
11 761
12 761
13 761
14 761
15 761
16 761
17 761
18 761
19 761
20 761
21 761
22 761
23 761
24 761
25 761
26 761
27 761
28 761
29 761
30 761
31 761
32 761
33 761
34 761
35 761
36 761
37 761
38 761
39 761
40 761
41 761
42 761
43 761
44 761
45 761
46 761
47 761
48 761
49 761
760 761
759 761
758 761
757 761
756 761
755 761
754 761
753 761
752 761
751 761
750 761
749 761
748 761
747 761
746 761
745 761
744 761
743 761
742 761
741 761
740 761
739 761
738 761
737 761
736 761
735 761
734 761
733 761
732 761
731 761
730 761
729 761
728 761
727 761
726 761
725 761
724 761
723 761
722 761
721 761
720 761
719 761
718 761
717 761
716 761
715 761
714 761
713 761
712 761
711 761
