100
0 769
1 769
2 769
3 769
4 769
5 769
6 769
7 769
8 769
9 769
10 769
11 769
12 769
13 769
14 769
15 769
16 769
17 769
18 769
19 769
20 769
21 769
22 769
23 769
24 769
25 769
26 769
27 769
28 769
29 769
30 769
31 769
32 769
33 769
34 769
35 769
36 769
37 769
38 769
39 769
40 769
41 769
42 769
43 769
44 769
45 769
46 769
47 769
48 769
49 769
768 769
767 769
766 769
765 769
764 769
763 769
762 769
761 769
760 769
759 769
758 769
757 769
756 769
755 769
754 769
753 769
752 769
751 769
750 769
749 769
748 769
747 769
746 769
745 769
744 769
743 769
742 769
741 769
740 769
739 769
738 769
737 769
736 769
735 769
734 769
733 769
732 769
731 769
730 769
729 769
728 769
727 769
726 769
725 769
724 769
723 769
722 769
721 769
720 769
719 769
