100
0 809
1 809
2 809
3 809
4 809
5 809
6 809
7 809
8 809
9 809
10 809
11 809
12 809
13 809
14 809
15 809
16 809
17 809
18 809
19 809
20 809
21 809
22 809
23 809
24 809
25 809
26 809
27 809
28 809
29 809
30 809
31 809
32 809
33 809
34 809
35 809
36 809
37 809
38 809
39 809
40 809
41 809
42 809
43 809
44 809
45 809
46 809
47 809
48 809
49 809
808 809
807 809
806 809
805 809
804 809
803 809
802 809
801 809
800 809
799 809
798 809
797 809
796 809
795 809
794 809
793 809
792 809
791 809
790 809
789 809
788 809
787 809
786 809
785 809
784 809
783 809
782 809
781 809
780 809
779 809
778 809
777 809
776 809
775 809
774 809
773 809
772 809
771 809
770 809
769 809
768 809
767 809
766 809
765 809
764 809
763 809
762 809
761 809
760 809
759 809
