100
0 811
1 811
2 811
3 811
4 811
5 811
6 811
7 811
8 811
9 811
10 811
11 811
12 811
13 811
14 811
15 811
16 811
17 811
18 811
19 811
20 811
21 811
22 811
23 811
24 811
25 811
26 811
27 811
28 811
29 811
30 811
31 811
32 811
33 811
34 811
35 811
36 811
37 811
38 811
39 811
40 811
41 811
42 811
43 811
44 811
45 811
46 811
47 811
48 811
49 811
810 811
809 811
808 811
807 811
806 811
805 811
804 811
803 811
802 811
801 811
800 811
799 811
798 811
797 811
796 811
795 811
794 811
793 811
792 811
791 811
790 811
789 811
788 811
787 811
786 811
785 811
784 811
783 811
782 811
781 811
780 811
779 811
778 811
777 811
776 811
775 811
774 811
773 811
772 811
771 811
770 811
769 811
768 811
767 811
766 811
765 811
764 811
763 811
762 811
761 811
