100
0 821
1 821
2 821
3 821
4 821
5 821
6 821
7 821
8 821
9 821
10 821
11 821
12 821
13 821
14 821
15 821
16 821
17 821
18 821
19 821
20 821
21 821
22 821
23 821
24 821
25 821
26 821
27 821
28 821
29 821
30 821
31 821
32 821
33 821
34 821
35 821
36 821
37 821
38 821
39 821
40 821
41 821
42 821
43 821
44 821
45 821
46 821
47 821
48 821
49 821
820 821
819 821
818 821
817 821
816 821
815 821
814 821
813 821
812 821
811 821
810 821
809 821
808 821
807 821
806 821
805 821
804 821
803 821
802 821
801 821
800 821
799 821
798 821
797 821
796 821
795 821
794 821
793 821
792 821
791 821
790 821
789 821
788 821
787 821
786 821
785 821
784 821
783 821
782 821
781 821
780 821
779 821
778 821
777 821
776 821
775 821
774 821
773 821
772 821
771 821
