100
0 829
1 829
2 829
3 829
4 829
5 829
6 829
7 829
8 829
9 829
10 829
11 829
12 829
13 829
14 829
15 829
16 829
17 829
18 829
19 829
20 829
21 829
22 829
23 829
24 829
25 829
26 829
27 829
28 829
29 829
30 829
31 829
32 829
33 829
34 829
35 829
36 829
37 829
38 829
39 829
40 829
41 829
42 829
43 829
44 829
45 829
46 829
47 829
48 829
49 829
828 829
827 829
826 829
825 829
824 829
823 829
822 829
821 829
820 829
819 829
818 829
817 829
816 829
815 829
814 829
813 829
812 829
811 829
810 829
809 829
808 829
807 829
806 829
805 829
804 829
803 829
802 829
801 829
800 829
799 829
798 829
797 829
796 829
795 829
794 829
793 829
792 829
791 829
790 829
789 829
788 829
787 829
786 829
785 829
784 829
783 829
782 829
781 829
780 829
779 829
