100
0 839
1 839
2 839
3 839
4 839
5 839
6 839
7 839
8 839
9 839
10 839
11 839
12 839
13 839
14 839
15 839
16 839
17 839
18 839
19 839
20 839
21 839
22 839
23 839
24 839
25 839
26 839
27 839
28 839
29 839
30 839
31 839
32 839
33 839
34 839
35 839
36 839
37 839
38 839
39 839
40 839
41 839
42 839
43 839
44 839
45 839
46 839
47 839
48 839
49 839
838 839
837 839
836 839
835 839
834 839
833 839
832 839
831 839
830 839
829 839
828 839
827 839
826 839
825 839
824 839
823 839
822 839
821 839
820 839
819 839
818 839
817 839
816 839
815 839
814 839
813 839
812 839
811 839
810 839
809 839
808 839
807 839
806 839
805 839
804 839
803 839
802 839
801 839
800 839
799 839
798 839
797 839
796 839
795 839
794 839
793 839
792 839
791 839
790 839
789 839
