100
0 859
1 859
2 859
3 859
4 859
5 859
6 859
7 859
8 859
9 859
10 859
11 859
12 859
13 859
14 859
15 859
16 859
17 859
18 859
19 859
20 859
21 859
22 859
23 859
24 859
25 859
26 859
27 859
28 859
29 859
30 859
31 859
32 859
33 859
34 859
35 859
36 859
37 859
38 859
39 859
40 859
41 859
42 859
43 859
44 859
45 859
46 859
47 859
48 859
49 859
858 859
857 859
856 859
855 859
854 859
853 859
852 859
851 859
850 859
849 859
848 859
847 859
846 859
845 859
844 859
843 859
842 859
841 859
840 859
839 859
838 859
837 859
836 859
835 859
834 859
833 859
832 859
831 859
830 859
829 859
828 859
827 859
826 859
825 859
824 859
823 859
822 859
821 859
820 859
819 859
818 859
817 859
816 859
815 859
814 859
813 859
812 859
811 859
810 859
809 859
