100
0 881
1 881
2 881
3 881
4 881
5 881
6 881
7 881
8 881
9 881
10 881
11 881
12 881
13 881
14 881
15 881
16 881
17 881
18 881
19 881
20 881
21 881
22 881
23 881
24 881
25 881
26 881
27 881
28 881
29 881
30 881
31 881
32 881
33 881
34 881
35 881
36 881
37 881
38 881
39 881
40 881
41 881
42 881
43 881
44 881
45 881
46 881
47 881
48 881
49 881
880 881
879 881
878 881
877 881
876 881
875 881
874 881
873 881
872 881
871 881
870 881
869 881
868 881
867 881
866 881
865 881
864 881
863 881
862 881
861 881
860 881
859 881
858 881
857 881
856 881
855 881
854 881
853 881
852 881
851 881
850 881
849 881
848 881
847 881
846 881
845 881
844 881
843 881
842 881
841 881
840 881
839 881
838 881
837 881
836 881
835 881
834 881
833 881
832 881
831 881
