100
0 911
1 911
2 911
3 911
4 911
5 911
6 911
7 911
8 911
9 911
10 911
11 911
12 911
13 911
14 911
15 911
16 911
17 911
18 911
19 911
20 911
21 911
22 911
23 911
24 911
25 911
26 911
27 911
28 911
29 911
30 911
31 911
32 911
33 911
34 911
35 911
36 911
37 911
38 911
39 911
40 911
41 911
42 911
43 911
44 911
45 911
46 911
47 911
48 911
49 911
910 911
909 911
908 911
907 911
906 911
905 911
904 911
903 911
902 911
901 911
900 911
899 911
898 911
897 911
896 911
895 911
894 911
893 911
892 911
891 911
890 911
889 911
888 911
887 911
886 911
885 911
884 911
883 911
882 911
881 911
880 911
879 911
878 911
877 911
876 911
875 911
874 911
873 911
872 911
871 911
870 911
869 911
868 911
867 911
866 911
865 911
864 911
863 911
862 911
861 911
