100
0 919
1 919
2 919
3 919
4 919
5 919
6 919
7 919
8 919
9 919
10 919
11 919
12 919
13 919
14 919
15 919
16 919
17 919
18 919
19 919
20 919
21 919
22 919
23 919
24 919
25 919
26 919
27 919
28 919
29 919
30 919
31 919
32 919
33 919
34 919
35 919
36 919
37 919
38 919
39 919
40 919
41 919
42 919
43 919
44 919
45 919
46 919
47 919
48 919
49 919
918 919
917 919
916 919
915 919
914 919
913 919
912 919
911 919
910 919
909 919
908 919
907 919
906 919
905 919
904 919
903 919
902 919
901 919
900 919
899 919
898 919
897 919
896 919
895 919
894 919
893 919
892 919
891 919
890 919
889 919
888 919
887 919
886 919
885 919
884 919
883 919
882 919
881 919
880 919
879 919
878 919
877 919
876 919
875 919
874 919
873 919
872 919
871 919
870 919
869 919
