100
0 929
1 929
2 929
3 929
4 929
5 929
6 929
7 929
8 929
9 929
10 929
11 929
12 929
13 929
14 929
15 929
16 929
17 929
18 929
19 929
20 929
21 929
22 929
23 929
24 929
25 929
26 929
27 929
28 929
29 929
30 929
31 929
32 929
33 929
34 929
35 929
36 929
37 929
38 929
39 929
40 929
41 929
42 929
43 929
44 929
45 929
46 929
47 929
48 929
49 929
928 929
927 929
926 929
925 929
924 929
923 929
922 929
921 929
920 929
919 929
918 929
917 929
916 929
915 929
914 929
913 929
912 929
911 929
910 929
909 929
908 929
907 929
906 929
905 929
904 929
903 929
902 929
901 929
900 929
899 929
898 929
897 929
896 929
895 929
894 929
893 929
892 929
891 929
890 929
889 929
888 929
887 929
886 929
885 929
884 929
883 929
882 929
881 929
880 929
879 929
