100
0 941
1 941
2 941
3 941
4 941
5 941
6 941
7 941
8 941
9 941
10 941
11 941
12 941
13 941
14 941
15 941
16 941
17 941
18 941
19 941
20 941
21 941
22 941
23 941
24 941
25 941
26 941
27 941
28 941
29 941
30 941
31 941
32 941
33 941
34 941
35 941
36 941
37 941
38 941
39 941
40 941
41 941
42 941
43 941
44 941
45 941
46 941
47 941
48 941
49 941
940 941
939 941
938 941
937 941
936 941
935 941
934 941
933 941
932 941
931 941
930 941
929 941
928 941
927 941
926 941
925 941
924 941
923 941
922 941
921 941
920 941
919 941
918 941
917 941
916 941
915 941
914 941
913 941
912 941
911 941
910 941
909 941
908 941
907 941
906 941
905 941
904 941
903 941
902 941
901 941
900 941
899 941
898 941
897 941
896 941
895 941
894 941
893 941
892 941
891 941
