100
0 971
1 971
2 971
3 971
4 971
5 971
6 971
7 971
8 971
9 971
10 971
11 971
12 971
13 971
14 971
15 971
16 971
17 971
18 971
19 971
20 971
21 971
22 971
23 971
24 971
25 971
26 971
27 971
28 971
29 971
30 971
31 971
32 971
33 971
34 971
35 971
36 971
37 971
38 971
39 971
40 971
41 971
42 971
43 971
44 971
45 971
46 971
47 971
48 971
49 971
970 971
969 971
968 971
967 971
966 971
965 971
964 971
963 971
962 971
961 971
960 971
959 971
958 971
957 971
956 971
955 971
954 971
953 971
952 971
951 971
950 971
949 971
948 971
947 971
946 971
945 971
944 971
943 971
942 971
941 971
940 971
939 971
938 971
937 971
936 971
935 971
934 971
933 971
932 971
931 971
930 971
929 971
928 971
927 971
926 971
925 971
924 971
923 971
922 971
921 971
