100
0 991
1 991
2 991
3 991
4 991
5 991
6 991
7 991
8 991
9 991
10 991
11 991
12 991
13 991
14 991
15 991
16 991
17 991
18 991
19 991
20 991
21 991
22 991
23 991
24 991
25 991
26 991
27 991
28 991
29 991
30 991
31 991
32 991
33 991
34 991
35 991
36 991
37 991
38 991
39 991
40 991
41 991
42 991
43 991
44 991
45 991
46 991
47 991
48 991
49 991
990 991
989 991
988 991
987 991
986 991
985 991
984 991
983 991
982 991
981 991
980 991
979 991
978 991
977 991
976 991
975 991
974 991
973 991
972 991
971 991
970 991
969 991
968 991
967 991
966 991
965 991
964 991
963 991
962 991
961 991
960 991
959 991
958 991
957 991
956 991
955 991
954 991
953 991
952 991
951 991
950 991
949 991
948 991
947 991
946 991
945 991
944 991
943 991
942 991
941 991
