100
0 1009
1 1009
2 1009
3 1009
4 1009
5 1009
6 1009
7 1009
8 1009
9 1009
10 1009
11 1009
12 1009
13 1009
14 1009
15 1009
16 1009
17 1009
18 1009
19 1009
20 1009
21 1009
22 1009
23 1009
24 1009
25 1009
26 1009
27 1009
28 1009
29 1009
30 1009
31 1009
32 1009
33 1009
34 1009
35 1009
36 1009
37 1009
38 1009
39 1009
40 1009
41 1009
42 1009
43 1009
44 1009
45 1009
46 1009
47 1009
48 1009
49 1009
1008 1009
1007 1009
1006 1009
1005 1009
1004 1009
1003 1009
1002 1009
1001 1009
1000 1009
999 1009
998 1009
997 1009
996 1009
995 1009
994 1009
993 1009
992 1009
991 1009
990 1009
989 1009
988 1009
987 1009
986 1009
985 1009
984 1009
983 1009
982 1009
981 1009
980 1009
979 1009
978 1009
977 1009
976 1009
975 1009
974 1009
973 1009
972 1009
971 1009
970 1009
969 1009
968 1009
967 1009
966 1009
965 1009
964 1009
963 1009
962 1009
961 1009
960 1009
959 1009
