100
0 1019
1 1019
2 1019
3 1019
4 1019
5 1019
6 1019
7 1019
8 1019
9 1019
10 1019
11 1019
12 1019
13 1019
14 1019
15 1019
16 1019
17 1019
18 1019
19 1019
20 1019
21 1019
22 1019
23 1019
24 1019
25 1019
26 1019
27 1019
28 1019
29 1019
30 1019
31 1019
32 1019
33 1019
34 1019
35 1019
36 1019
37 1019
38 1019
39 1019
40 1019
41 1019
42 1019
43 1019
44 1019
45 1019
46 1019
47 1019
48 1019
49 1019
1018 1019
1017 1019
1016 1019
1015 1019
1014 1019
1013 1019
1012 1019
1011 1019
1010 1019
1009 1019
1008 1019
1007 1019
1006 1019
1005 1019
1004 1019
1003 1019
1002 1019
1001 1019
1000 1019
999 1019
998 1019
997 1019
996 1019
995 1019
994 1019
993 1019
992 1019
991 1019
990 1019
989 1019
988 1019
987 1019
986 1019
985 1019
984 1019
983 1019
982 1019
981 1019
980 1019
979 1019
978 1019
977 1019
976 1019
975 1019
974 1019
973 1019
972 1019
971 1019
970 1019
969 1019
