100
0 1021
1 1021
2 1021
3 1021
4 1021
5 1021
6 1021
7 1021
8 1021
9 1021
10 1021
11 1021
12 1021
13 1021
14 1021
15 1021
16 1021
17 1021
18 1021
19 1021
20 1021
21 1021
22 1021
23 1021
24 1021
25 1021
26 1021
27 1021
28 1021
29 1021
30 1021
31 1021
32 1021
33 1021
34 1021
35 1021
36 1021
37 1021
38 1021
39 1021
40 1021
41 1021
42 1021
43 1021
44 1021
45 1021
46 1021
47 1021
48 1021
49 1021
1020 1021
1019 1021
1018 1021
1017 1021
1016 1021
1015 1021
1014 1021
1013 1021
1012 1021
1011 1021
1010 1021
1009 1021
1008 1021
1007 1021
1006 1021
1005 1021
1004 1021
1003 1021
1002 1021
1001 1021
1000 1021
999 1021
998 1021
997 1021
996 1021
995 1021
994 1021
993 1021
992 1021
991 1021
990 1021
989 1021
988 1021
987 1021
986 1021
985 1021
984 1021
983 1021
982 1021
981 1021
980 1021
979 1021
978 1021
977 1021
976 1021
975 1021
974 1021
973 1021
972 1021
971 1021
