100
0 1031
1 1031
2 1031
3 1031
4 1031
5 1031
6 1031
7 1031
8 1031
9 1031
10 1031
11 1031
12 1031
13 1031
14 1031
15 1031
16 1031
17 1031
18 1031
19 1031
20 1031
21 1031
22 1031
23 1031
24 1031
25 1031
26 1031
27 1031
28 1031
29 1031
30 1031
31 1031
32 1031
33 1031
34 1031
35 1031
36 1031
37 1031
38 1031
39 1031
40 1031
41 1031
42 1031
43 1031
44 1031
45 1031
46 1031
47 1031
48 1031
49 1031
1030 1031
1029 1031
1028 1031
1027 1031
1026 1031
1025 1031
1024 1031
1023 1031
1022 1031
1021 1031
1020 1031
1019 1031
1018 1031
1017 1031
1016 1031
1015 1031
1014 1031
1013 1031
1012 1031
1011 1031
1010 1031
1009 1031
1008 1031
1007 1031
1006 1031
1005 1031
1004 1031
1003 1031
1002 1031
1001 1031
1000 1031
999 1031
998 1031
997 1031
996 1031
995 1031
994 1031
993 1031
992 1031
991 1031
990 1031
989 1031
988 1031
987 1031
986 1031
985 1031
984 1031
983 1031
982 1031
981 1031
