100
0 1039
1 1039
2 1039
3 1039
4 1039
5 1039
6 1039
7 1039
8 1039
9 1039
10 1039
11 1039
12 1039
13 1039
14 1039
15 1039
16 1039
17 1039
18 1039
19 1039
20 1039
21 1039
22 1039
23 1039
24 1039
25 1039
26 1039
27 1039
28 1039
29 1039
30 1039
31 1039
32 1039
33 1039
34 1039
35 1039
36 1039
37 1039
38 1039
39 1039
40 1039
41 1039
42 1039
43 1039
44 1039
45 1039
46 1039
47 1039
48 1039
49 1039
1038 1039
1037 1039
1036 1039
1035 1039
1034 1039
1033 1039
1032 1039
1031 1039
1030 1039
1029 1039
1028 1039
1027 1039
1026 1039
1025 1039
1024 1039
1023 1039
1022 1039
1021 1039
1020 1039
1019 1039
1018 1039
1017 1039
1016 1039
1015 1039
1014 1039
1013 1039
1012 1039
1011 1039
1010 1039
1009 1039
1008 1039
1007 1039
1006 1039
1005 1039
1004 1039
1003 1039
1002 1039
1001 1039
1000 1039
999 1039
998 1039
997 1039
996 1039
995 1039
994 1039
993 1039
992 1039
991 1039
990 1039
989 1039
