100
0 1049
1 1049
2 1049
3 1049
4 1049
5 1049
6 1049
7 1049
8 1049
9 1049
10 1049
11 1049
12 1049
13 1049
14 1049
15 1049
16 1049
17 1049
18 1049
19 1049
20 1049
21 1049
22 1049
23 1049
24 1049
25 1049
26 1049
27 1049
28 1049
29 1049
30 1049
31 1049
32 1049
33 1049
34 1049
35 1049
36 1049
37 1049
38 1049
39 1049
40 1049
41 1049
42 1049
43 1049
44 1049
45 1049
46 1049
47 1049
48 1049
49 1049
1048 1049
1047 1049
1046 1049
1045 1049
1044 1049
1043 1049
1042 1049
1041 1049
1040 1049
1039 1049
1038 1049
1037 1049
1036 1049
1035 1049
1034 1049
1033 1049
1032 1049
1031 1049
1030 1049
1029 1049
1028 1049
1027 1049
1026 1049
1025 1049
1024 1049
1023 1049
1022 1049
1021 1049
1020 1049
1019 1049
1018 1049
1017 1049
1016 1049
1015 1049
1014 1049
1013 1049
1012 1049
1011 1049
1010 1049
1009 1049
1008 1049
1007 1049
1006 1049
1005 1049
1004 1049
1003 1049
1002 1049
1001 1049
1000 1049
999 1049
