100
0 1051
1 1051
2 1051
3 1051
4 1051
5 1051
6 1051
7 1051
8 1051
9 1051
10 1051
11 1051
12 1051
13 1051
14 1051
15 1051
16 1051
17 1051
18 1051
19 1051
20 1051
21 1051
22 1051
23 1051
24 1051
25 1051
26 1051
27 1051
28 1051
29 1051
30 1051
31 1051
32 1051
33 1051
34 1051
35 1051
36 1051
37 1051
38 1051
39 1051
40 1051
41 1051
42 1051
43 1051
44 1051
45 1051
46 1051
47 1051
48 1051
49 1051
1050 1051
1049 1051
1048 1051
1047 1051
1046 1051
1045 1051
1044 1051
1043 1051
1042 1051
1041 1051
1040 1051
1039 1051
1038 1051
1037 1051
1036 1051
1035 1051
1034 1051
1033 1051
1032 1051
1031 1051
1030 1051
1029 1051
1028 1051
1027 1051
1026 1051
1025 1051
1024 1051
1023 1051
1022 1051
1021 1051
1020 1051
1019 1051
1018 1051
1017 1051
1016 1051
1015 1051
1014 1051
1013 1051
1012 1051
1011 1051
1010 1051
1009 1051
1008 1051
1007 1051
1006 1051
1005 1051
1004 1051
1003 1051
1002 1051
1001 1051
