100
0 1061
1 1061
2 1061
3 1061
4 1061
5 1061
6 1061
7 1061
8 1061
9 1061
10 1061
11 1061
12 1061
13 1061
14 1061
15 1061
16 1061
17 1061
18 1061
19 1061
20 1061
21 1061
22 1061
23 1061
24 1061
25 1061
26 1061
27 1061
28 1061
29 1061
30 1061
31 1061
32 1061
33 1061
34 1061
35 1061
36 1061
37 1061
38 1061
39 1061
40 1061
41 1061
42 1061
43 1061
44 1061
45 1061
46 1061
47 1061
48 1061
49 1061
1060 1061
1059 1061
1058 1061
1057 1061
1056 1061
1055 1061
1054 1061
1053 1061
1052 1061
1051 1061
1050 1061
1049 1061
1048 1061
1047 1061
1046 1061
1045 1061
1044 1061
1043 1061
1042 1061
1041 1061
1040 1061
1039 1061
1038 1061
1037 1061
1036 1061
1035 1061
1034 1061
1033 1061
1032 1061
1031 1061
1030 1061
1029 1061
1028 1061
1027 1061
1026 1061
1025 1061
1024 1061
1023 1061
1022 1061
1021 1061
1020 1061
1019 1061
1018 1061
1017 1061
1016 1061
1015 1061
1014 1061
1013 1061
1012 1061
1011 1061
