100
0 1069
1 1069
2 1069
3 1069
4 1069
5 1069
6 1069
7 1069
8 1069
9 1069
10 1069
11 1069
12 1069
13 1069
14 1069
15 1069
16 1069
17 1069
18 1069
19 1069
20 1069
21 1069
22 1069
23 1069
24 1069
25 1069
26 1069
27 1069
28 1069
29 1069
30 1069
31 1069
32 1069
33 1069
34 1069
35 1069
36 1069
37 1069
38 1069
39 1069
40 1069
41 1069
42 1069
43 1069
44 1069
45 1069
46 1069
47 1069
48 1069
49 1069
1068 1069
1067 1069
1066 1069
1065 1069
1064 1069
1063 1069
1062 1069
1061 1069
1060 1069
1059 1069
1058 1069
1057 1069
1056 1069
1055 1069
1054 1069
1053 1069
1052 1069
1051 1069
1050 1069
1049 1069
1048 1069
1047 1069
1046 1069
1045 1069
1044 1069
1043 1069
1042 1069
1041 1069
1040 1069
1039 1069
1038 1069
1037 1069
1036 1069
1035 1069
1034 1069
1033 1069
1032 1069
1031 1069
1030 1069
1029 1069
1028 1069
1027 1069
1026 1069
1025 1069
1024 1069
1023 1069
1022 1069
1021 1069
1020 1069
1019 1069
