100
0 1091
1 1091
2 1091
3 1091
4 1091
5 1091
6 1091
7 1091
8 1091
9 1091
10 1091
11 1091
12 1091
13 1091
14 1091
15 1091
16 1091
17 1091
18 1091
19 1091
20 1091
21 1091
22 1091
23 1091
24 1091
25 1091
26 1091
27 1091
28 1091
29 1091
30 1091
31 1091
32 1091
33 1091
34 1091
35 1091
36 1091
37 1091
38 1091
39 1091
40 1091
41 1091
42 1091
43 1091
44 1091
45 1091
46 1091
47 1091
48 1091
49 1091
1090 1091
1089 1091
1088 1091
1087 1091
1086 1091
1085 1091
1084 1091
1083 1091
1082 1091
1081 1091
1080 1091
1079 1091
1078 1091
1077 1091
1076 1091
1075 1091
1074 1091
1073 1091
1072 1091
1071 1091
1070 1091
1069 1091
1068 1091
1067 1091
1066 1091
1065 1091
1064 1091
1063 1091
1062 1091
1061 1091
1060 1091
1059 1091
1058 1091
1057 1091
1056 1091
1055 1091
1054 1091
1053 1091
1052 1091
1051 1091
1050 1091
1049 1091
1048 1091
1047 1091
1046 1091
1045 1091
1044 1091
1043 1091
1042 1091
1041 1091
