100
0 1109
1 1109
2 1109
3 1109
4 1109
5 1109
6 1109
7 1109
8 1109
9 1109
10 1109
11 1109
12 1109
13 1109
14 1109
15 1109
16 1109
17 1109
18 1109
19 1109
20 1109
21 1109
22 1109
23 1109
24 1109
25 1109
26 1109
27 1109
28 1109
29 1109
30 1109
31 1109
32 1109
33 1109
34 1109
35 1109
36 1109
37 1109
38 1109
39 1109
40 1109
41 1109
42 1109
43 1109
44 1109
45 1109
46 1109
47 1109
48 1109
49 1109
1108 1109
1107 1109
1106 1109
1105 1109
1104 1109
1103 1109
1102 1109
1101 1109
1100 1109
1099 1109
1098 1109
1097 1109
1096 1109
1095 1109
1094 1109
1093 1109
1092 1109
1091 1109
1090 1109
1089 1109
1088 1109
1087 1109
1086 1109
1085 1109
1084 1109
1083 1109
1082 1109
1081 1109
1080 1109
1079 1109
1078 1109
1077 1109
1076 1109
1075 1109
1074 1109
1073 1109
1072 1109
1071 1109
1070 1109
1069 1109
1068 1109
1067 1109
1066 1109
1065 1109
1064 1109
1063 1109
1062 1109
1061 1109
1060 1109
1059 1109
