100
0 1129
1 1129
2 1129
3 1129
4 1129
5 1129
6 1129
7 1129
8 1129
9 1129
10 1129
11 1129
12 1129
13 1129
14 1129
15 1129
16 1129
17 1129
18 1129
19 1129
20 1129
21 1129
22 1129
23 1129
24 1129
25 1129
26 1129
27 1129
28 1129
29 1129
30 1129
31 1129
32 1129
33 1129
34 1129
35 1129
36 1129
37 1129
38 1129
39 1129
40 1129
41 1129
42 1129
43 1129
44 1129
45 1129
46 1129
47 1129
48 1129
49 1129
1128 1129
1127 1129
1126 1129
1125 1129
1124 1129
1123 1129
1122 1129
1121 1129
1120 1129
1119 1129
1118 1129
1117 1129
1116 1129
1115 1129
1114 1129
1113 1129
1112 1129
1111 1129
1110 1129
1109 1129
1108 1129
1107 1129
1106 1129
1105 1129
1104 1129
1103 1129
1102 1129
1101 1129
1100 1129
1099 1129
1098 1129
1097 1129
1096 1129
1095 1129
1094 1129
1093 1129
1092 1129
1091 1129
1090 1129
1089 1129
1088 1129
1087 1129
1086 1129
1085 1129
1084 1129
1083 1129
1082 1129
1081 1129
1080 1129
1079 1129
