100
0 1151
1 1151
2 1151
3 1151
4 1151
5 1151
6 1151
7 1151
8 1151
9 1151
10 1151
11 1151
12 1151
13 1151
14 1151
15 1151
16 1151
17 1151
18 1151
19 1151
20 1151
21 1151
22 1151
23 1151
24 1151
25 1151
26 1151
27 1151
28 1151
29 1151
30 1151
31 1151
32 1151
33 1151
34 1151
35 1151
36 1151
37 1151
38 1151
39 1151
40 1151
41 1151
42 1151
43 1151
44 1151
45 1151
46 1151
47 1151
48 1151
49 1151
1150 1151
1149 1151
1148 1151
1147 1151
1146 1151
1145 1151
1144 1151
1143 1151
1142 1151
1141 1151
1140 1151
1139 1151
1138 1151
1137 1151
1136 1151
1135 1151
1134 1151
1133 1151
1132 1151
1131 1151
1130 1151
1129 1151
1128 1151
1127 1151
1126 1151
1125 1151
1124 1151
1123 1151
1122 1151
1121 1151
1120 1151
1119 1151
1118 1151
1117 1151
1116 1151
1115 1151
1114 1151
1113 1151
1112 1151
1111 1151
1110 1151
1109 1151
1108 1151
1107 1151
1106 1151
1105 1151
1104 1151
1103 1151
1102 1151
1101 1151
