100
0 1171
1 1171
2 1171
3 1171
4 1171
5 1171
6 1171
7 1171
8 1171
9 1171
10 1171
11 1171
12 1171
13 1171
14 1171
15 1171
16 1171
17 1171
18 1171
19 1171
20 1171
21 1171
22 1171
23 1171
24 1171
25 1171
26 1171
27 1171
28 1171
29 1171
30 1171
31 1171
32 1171
33 1171
34 1171
35 1171
36 1171
37 1171
38 1171
39 1171
40 1171
41 1171
42 1171
43 1171
44 1171
45 1171
46 1171
47 1171
48 1171
49 1171
1170 1171
1169 1171
1168 1171
1167 1171
1166 1171
1165 1171
1164 1171
1163 1171
1162 1171
1161 1171
1160 1171
1159 1171
1158 1171
1157 1171
1156 1171
1155 1171
1154 1171
1153 1171
1152 1171
1151 1171
1150 1171
1149 1171
1148 1171
1147 1171
1146 1171
1145 1171
1144 1171
1143 1171
1142 1171
1141 1171
1140 1171
1139 1171
1138 1171
1137 1171
1136 1171
1135 1171
1134 1171
1133 1171
1132 1171
1131 1171
1130 1171
1129 1171
1128 1171
1127 1171
1126 1171
1125 1171
1124 1171
1123 1171
1122 1171
1121 1171
