100
0 1181
1 1181
2 1181
3 1181
4 1181
5 1181
6 1181
7 1181
8 1181
9 1181
10 1181
11 1181
12 1181
13 1181
14 1181
15 1181
16 1181
17 1181
18 1181
19 1181
20 1181
21 1181
22 1181
23 1181
24 1181
25 1181
26 1181
27 1181
28 1181
29 1181
30 1181
31 1181
32 1181
33 1181
34 1181
35 1181
36 1181
37 1181
38 1181
39 1181
40 1181
41 1181
42 1181
43 1181
44 1181
45 1181
46 1181
47 1181
48 1181
49 1181
1180 1181
1179 1181
1178 1181
1177 1181
1176 1181
1175 1181
1174 1181
1173 1181
1172 1181
1171 1181
1170 1181
1169 1181
1168 1181
1167 1181
1166 1181
1165 1181
1164 1181
1163 1181
1162 1181
1161 1181
1160 1181
1159 1181
1158 1181
1157 1181
1156 1181
1155 1181
1154 1181
1153 1181
1152 1181
1151 1181
1150 1181
1149 1181
1148 1181
1147 1181
1146 1181
1145 1181
1144 1181
1143 1181
1142 1181
1141 1181
1140 1181
1139 1181
1138 1181
1137 1181
1136 1181
1135 1181
1134 1181
1133 1181
1132 1181
1131 1181
