100
0 1201
1 1201
2 1201
3 1201
4 1201
5 1201
6 1201
7 1201
8 1201
9 1201
10 1201
11 1201
12 1201
13 1201
14 1201
15 1201
16 1201
17 1201
18 1201
19 1201
20 1201
21 1201
22 1201
23 1201
24 1201
25 1201
26 1201
27 1201
28 1201
29 1201
30 1201
31 1201
32 1201
33 1201
34 1201
35 1201
36 1201
37 1201
38 1201
39 1201
40 1201
41 1201
42 1201
43 1201
44 1201
45 1201
46 1201
47 1201
48 1201
49 1201
1200 1201
1199 1201
1198 1201
1197 1201
1196 1201
1195 1201
1194 1201
1193 1201
1192 1201
1191 1201
1190 1201
1189 1201
1188 1201
1187 1201
1186 1201
1185 1201
1184 1201
1183 1201
1182 1201
1181 1201
1180 1201
1179 1201
1178 1201
1177 1201
1176 1201
1175 1201
1174 1201
1173 1201
1172 1201
1171 1201
1170 1201
1169 1201
1168 1201
1167 1201
1166 1201
1165 1201
1164 1201
1163 1201
1162 1201
1161 1201
1160 1201
1159 1201
1158 1201
1157 1201
1156 1201
1155 1201
1154 1201
1153 1201
1152 1201
1151 1201
