100
0 3571
1 3571
2 3571
3 3571
4 3571
5 3571
6 3571
7 3571
8 3571
9 3571
10 3571
11 3571
12 3571
13 3571
14 3571
15 3571
16 3571
17 3571
18 3571
19 3571
20 3571
21 3571
22 3571
23 3571
24 3571
25 3571
26 3571
27 3571
28 3571
29 3571
30 3571
31 3571
32 3571
33 3571
34 3571
35 3571
36 3571
37 3571
38 3571
39 3571
40 3571
41 3571
42 3571
43 3571
44 3571
45 3571
46 3571
47 3571
48 3571
49 3571
3570 3571
3569 3571
3568 3571
3567 3571
3566 3571
3565 3571
3564 3571
3563 3571
3562 3571
3561 3571
3560 3571
3559 3571
3558 3571
3557 3571
3556 3571
3555 3571
3554 3571
3553 3571
3552 3571
3551 3571
3550 3571
3549 3571
3548 3571
3547 3571
3546 3571
3545 3571
3544 3571
3543 3571
3542 3571
3541 3571
3540 3571
3539 3571
3538 3571
3537 3571
3536 3571
3535 3571
3534 3571
3533 3571
3532 3571
3531 3571
3530 3571
3529 3571
3528 3571
3527 3571
3526 3571
3525 3571
3524 3571
3523 3571
3522 3571
3521 3571
